
function                     a        b        expected result  
Sin(x)/x                     0        3.142    1.852    1.851   
(pi³(1-cosx*cosy*cosz))⁻¹    0        3.142    1.392    1.366   


# Error dependence on N
# N          err          sqrtN*c     
100.000000   0.099904     0.102000    
199.000000   0.074372     0.072306    
298.000000   0.057222     0.059087    
397.000000   0.049569     0.051192    
496.000000   0.043895     0.045799    
595.000000   0.041586     0.041816    
694.000000   0.038329     0.038719    
793.000000   0.035523     0.036221    
892.000000   0.033284     0.034152    
991.000000   0.032906     0.032401    
1090.000000  0.030627     0.030895    
1189.000000  0.029586     0.029581    
1288.000000  0.028456     0.028421    
1387.000000  0.027181     0.027388    
1486.000000  0.025995     0.026460    
1585.000000  0.025230     0.025620    
1684.000000  0.024675     0.024856    
1783.000000  0.023838     0.024156    
1882.000000  0.023312     0.023512    
1981.000000  0.022662     0.022917    
2080.000000  0.022124     0.022365    
2179.000000  0.021995     0.021851    
2278.000000  0.021585     0.021371    
2377.000000  0.020630     0.020921    
2476.000000  0.020521     0.020499    
2575.000000  0.020078     0.020101    
2674.000000  0.019486     0.019725    
2773.000000  0.019152     0.019370    
2872.000000  0.019030     0.019033    
2971.000000  0.018533     0.018713    
3070.000000  0.018183     0.018409    
3169.000000  0.017721     0.018119    
3268.000000  0.017608     0.017843    
3367.000000  0.017432     0.017578    
3466.000000  0.017389     0.017326    
3565.000000  0.016864     0.017083    
3664.000000  0.016672     0.016851    
3763.000000  0.016498     0.016628    
3862.000000  0.016260     0.016413    
3961.000000  0.016156     0.016207    
4060.000000  0.015950     0.016008    
4159.000000  0.015807     0.015816    
4258.000000  0.015395     0.015631    
4357.000000  0.015218     0.015453    
4456.000000  0.015244     0.015280    
4555.000000  0.015151     0.015113    
4654.000000  0.014803     0.014952    
4753.000000  0.014618     0.014795    
4852.000000  0.014613     0.014643    
4951.000000  0.014293     0.014496    
5050.000000  0.014191     0.014353    
5149.000000  0.014055     0.014215    
5248.000000  0.013992     0.014080    
5347.000000  0.013842     0.013949    
5446.000000  0.013921     0.013822    
5545.000000  0.013601     0.013698    
5644.000000  0.013497     0.013577    
5743.000000  0.013495     0.013460    
5842.000000  0.013202     0.013345    
5941.000000  0.013052     0.013233    
6040.000000  0.013018     0.013124    
6139.000000  0.013011     0.013018    
6238.000000  0.012731     0.012914    
6337.000000  0.012653     0.012813    
6436.000000  0.012689     0.012714    
6535.000000  0.012488     0.012618    
6634.000000  0.012448     0.012523    
6733.000000  0.012223     0.012431    
6832.000000  0.012233     0.012340    
6931.000000  0.012131     0.012252    
7030.000000  0.012021     0.012165    
7129.000000  0.011992     0.012081    
7228.000000  0.011991     0.011998    
7327.000000  0.011809     0.011916    
7426.000000  0.011616     0.011836    
7525.000000  0.011713     0.011758    
7624.000000  0.011592     0.011682    
7723.000000  0.011435     0.011607    
7822.000000  0.011443     0.011533    
7921.000000  0.011299     0.011461    
8020.000000  0.011318     0.011390    
8119.000000  0.011065     0.011320    
8218.000000  0.011292     0.011252    
8317.000000  0.011071     0.011185    
8416.000000  0.011016     0.011119    
8515.000000  0.010928     0.011054    
8614.000000  0.010900     0.010990    
8713.000000  0.010823     0.010927    
8812.000000  0.010733     0.010866    
8911.000000  0.010730     0.010805    
9010.000000  0.010669     0.010746    
9109.000000  0.010649     0.010687    
9208.000000  0.010522     0.010630    
9307.000000  0.010438     0.010573    
9406.000000  0.010446     0.010517    
9505.000000  0.010348     0.010462    
9604.000000  0.010311     0.010408    
9703.000000  0.010265     0.010355    
9802.000000  0.010204     0.010303    
9901.000000  0.010143     0.010251    
10000.000000 0.010105     0.010200    
10099.000000 0.010034     0.010150    
10198.000000 0.009960     0.010100    
10297.000000 0.009892     0.010052    
10396.000000 0.009882     0.010004    
10495.000000 0.009927     0.009957    
10594.000000 0.009890     0.009910    
10693.000000 0.009795     0.009864    
10792.000000 0.009740     0.009819    
10891.000000 0.009797     0.009774    
10990.000000 0.009672     0.009730    
11089.000000 0.009624     0.009686    
11188.000000 0.009551     0.009643    
11287.000000 0.009521     0.009601    
11386.000000 0.009455     0.009559    
11485.000000 0.009400     0.009518    
11584.000000 0.009431     0.009477    
11683.000000 0.009341     0.009437    
11782.000000 0.009347     0.009397    
11881.000000 0.009282     0.009358    
11980.000000 0.009240     0.009319    
12079.000000 0.009179     0.009281    
12178.000000 0.009205     0.009243    
12277.000000 0.009137     0.009206    
12376.000000 0.009090     0.009169    
12475.000000 0.009064     0.009132    
12574.000000 0.009030     0.009096    
12673.000000 0.008996     0.009061    
12772.000000 0.009006     0.009025    
12871.000000 0.008936     0.008991    
12970.000000 0.008919     0.008956    
13069.000000 0.008889     0.008922    
13168.000000 0.008768     0.008889    
13267.000000 0.008814     0.008856    
13366.000000 0.008732     0.008823    
13465.000000 0.008752     0.008790    
13564.000000 0.008704     0.008758    
13663.000000 0.008638     0.008726    
13762.000000 0.008653     0.008695    
13861.000000 0.008568     0.008664    
13960.000000 0.008525     0.008633    
14059.000000 0.008598     0.008602    
14158.000000 0.008477     0.008572    
14257.000000 0.008517     0.008543    
14356.000000 0.008419     0.008513    
14455.000000 0.008428     0.008484    
14554.000000 0.008396     0.008455    
14653.000000 0.008424     0.008426    
14752.000000 0.008322     0.008398    
14851.000000 0.008259     0.008370    
14950.000000 0.008301     0.008342    
15049.000000 0.008273     0.008315    
15148.000000 0.008224     0.008287    
15247.000000 0.008191     0.008261    
15346.000000 0.008187     0.008234    
15445.000000 0.008141     0.008207    
15544.000000 0.008172     0.008181    
15643.000000 0.008118     0.008155    
15742.000000 0.008063     0.008130    
15841.000000 0.008050     0.008104    
15940.000000 0.008004     0.008079    
16039.000000 0.008013     0.008054    
16138.000000 0.008027     0.008029    
16237.000000 0.007952     0.008005    
16336.000000 0.007933     0.007980    
16435.000000 0.007890     0.007956    
16534.000000 0.007860     0.007933    
16633.000000 0.007902     0.007909    
16732.000000 0.007807     0.007885    
16831.000000 0.007812     0.007862    
16930.000000 0.007784     0.007839    
17029.000000 0.007756     0.007816    
17128.000000 0.007699     0.007794    
17227.000000 0.007730     0.007771    
17326.000000 0.007681     0.007749    
17425.000000 0.007686     0.007727    
17524.000000 0.007684     0.007705    
17623.000000 0.007643     0.007684    
17722.000000 0.007578     0.007662    
17821.000000 0.007519     0.007641    
17920.000000 0.007605     0.007620    
18019.000000 0.007508     0.007599    
18118.000000 0.007534     0.007578    
18217.000000 0.007517     0.007557    
18316.000000 0.007485     0.007537    
18415.000000 0.007438     0.007516    
18514.000000 0.007456     0.007496    
18613.000000 0.007435     0.007476    
18712.000000 0.007381     0.007457    
18811.000000 0.007390     0.007437    
18910.000000 0.007375     0.007417    
19009.000000 0.007326     0.007398    
19108.000000 0.007337     0.007379    
19207.000000 0.007338     0.007360    
19306.000000 0.007276     0.007341    
19405.000000 0.007223     0.007322    
19504.000000 0.007241     0.007304    
19603.000000 0.007239     0.007285    
19702.000000 0.007199     0.007267    
19801.000000 0.007200     0.007249    
19900.000000 0.007174     0.007231    
19999.000000 0.007154     0.007213    
20098.000000 0.007120     0.007195    
20197.000000 0.007116     0.007177    
20296.000000 0.007127     0.007160    
20395.000000 0.007074     0.007142    
20494.000000 0.007081     0.007125    
20593.000000 0.007036     0.007108    
20692.000000 0.007043     0.007091    
20791.000000 0.007018     0.007074    
20890.000000 0.007025     0.007057    
20989.000000 0.006993     0.007041    
21088.000000 0.006974     0.007024    
21187.000000 0.006963     0.007008    
21286.000000 0.006975     0.006991    
21385.000000 0.006951     0.006975    
21484.000000 0.006888     0.006959    
21583.000000 0.006885     0.006943    
21682.000000 0.006849     0.006927    
21781.000000 0.006825     0.006911    
21880.000000 0.006889     0.006896    
21979.000000 0.006803     0.006880    
22078.000000 0.006828     0.006865    
22177.000000 0.006792     0.006849    
22276.000000 0.006777     0.006834    
22375.000000 0.006743     0.006819    
22474.000000 0.006756     0.006804    
22573.000000 0.006746     0.006789    
22672.000000 0.006706     0.006774    
22771.000000 0.006744     0.006759    
22870.000000 0.006709     0.006745    
22969.000000 0.006694     0.006730    
23068.000000 0.006675     0.006716    
23167.000000 0.006623     0.006701    
23266.000000 0.006644     0.006687    
23365.000000 0.006618     0.006673    
23464.000000 0.006598     0.006659    
23563.000000 0.006608     0.006645    
23662.000000 0.006581     0.006631    
23761.000000 0.006608     0.006617    
23860.000000 0.006540     0.006603    
23959.000000 0.006536     0.006590    
24058.000000 0.006513     0.006576    
24157.000000 0.006513     0.006563    
24256.000000 0.006489     0.006549    
24355.000000 0.006511     0.006536    
24454.000000 0.006486     0.006523    
24553.000000 0.006448     0.006510    
24652.000000 0.006466     0.006496    
24751.000000 0.006426     0.006483    
24850.000000 0.006429     0.006470    
24949.000000 0.006421     0.006458    
25048.000000 0.006374     0.006445    
25147.000000 0.006363     0.006432    
25246.000000 0.006375     0.006420    
25345.000000 0.006368     0.006407    
25444.000000 0.006349     0.006395    
25543.000000 0.006328     0.006382    
25642.000000 0.006303     0.006370    
25741.000000 0.006308     0.006358    
25840.000000 0.006314     0.006345    
25939.000000 0.006290     0.006333    
26038.000000 0.006273     0.006321    
26137.000000 0.006268     0.006309    
26236.000000 0.006260     0.006297    
26335.000000 0.006255     0.006285    
26434.000000 0.006212     0.006274    
26533.000000 0.006217     0.006262    
26632.000000 0.006195     0.006250    
26731.000000 0.006175     0.006239    
26830.000000 0.006176     0.006227    
26929.000000 0.006165     0.006216    
27028.000000 0.006148     0.006204    
27127.000000 0.006154     0.006193    
27226.000000 0.006138     0.006182    
27325.000000 0.006109     0.006170    
27424.000000 0.006131     0.006159    
27523.000000 0.006103     0.006148    
27622.000000 0.006082     0.006137    
27721.000000 0.006084     0.006126    
27820.000000 0.006051     0.006115    
27919.000000 0.006058     0.006105    
28018.000000 0.006055     0.006094    
28117.000000 0.006033     0.006083    
28216.000000 0.006036     0.006072    
28315.000000 0.005995     0.006062    
28414.000000 0.005988     0.006051    
28513.000000 0.006027     0.006041    
28612.000000 0.005949     0.006030    
28711.000000 0.005991     0.006020    
28810.000000 0.005976     0.006009    
28909.000000 0.005990     0.005999    
29008.000000 0.005943     0.005989    
29107.000000 0.005934     0.005979    
29206.000000 0.005919     0.005968    
29305.000000 0.005893     0.005958    
29404.000000 0.005890     0.005948    
29503.000000 0.005886     0.005938    
29602.000000 0.005903     0.005928    
29701.000000 0.005892     0.005919    
29800.000000 0.005862     0.005909    
29899.000000 0.005874     0.005899    
29998.000000 0.005840     0.005889    
30097.000000 0.005843     0.005879    
30196.000000 0.005809     0.005870    
30295.000000 0.005824     0.005860    
30394.000000 0.005795     0.005851    
30493.000000 0.005784     0.005841    
30592.000000 0.005768     0.005832    
30691.000000 0.005769     0.005822    
30790.000000 0.005790     0.005813    
30889.000000 0.005770     0.005804    
30988.000000 0.005751     0.005794    
31087.000000 0.005747     0.005785    
31186.000000 0.005756     0.005776    
31285.000000 0.005716     0.005767    
31384.000000 0.005699     0.005758    
31483.000000 0.005705     0.005749    
31582.000000 0.005698     0.005740    
31681.000000 0.005697     0.005731    
31780.000000 0.005665     0.005722    
31879.000000 0.005673     0.005713    
31978.000000 0.005677     0.005704    
32077.000000 0.005672     0.005695    
32176.000000 0.005653     0.005686    
32275.000000 0.005638     0.005678    
32374.000000 0.005642     0.005669    
32473.000000 0.005612     0.005660    
32572.000000 0.005603     0.005652    
32671.000000 0.005599     0.005643    
32770.000000 0.005610     0.005635    
32869.000000 0.005586     0.005626    
32968.000000 0.005601     0.005618    
33067.000000 0.005582     0.005609    
33166.000000 0.005555     0.005601    
33265.000000 0.005557     0.005593    
33364.000000 0.005555     0.005584    
33463.000000 0.005543     0.005576    
33562.000000 0.005542     0.005568    
33661.000000 0.005526     0.005560    
33760.000000 0.005520     0.005551    
33859.000000 0.005497     0.005543    
33958.000000 0.005516     0.005535    
34057.000000 0.005504     0.005527    
34156.000000 0.005463     0.005519    
34255.000000 0.005464     0.005511    
34354.000000 0.005469     0.005503    
34453.000000 0.005455     0.005495    
34552.000000 0.005444     0.005487    
34651.000000 0.005427     0.005480    
34750.000000 0.005441     0.005472    
34849.000000 0.005433     0.005464    
34948.000000 0.005399     0.005456    
35047.000000 0.005421     0.005448    
35146.000000 0.005410     0.005441    
35245.000000 0.005399     0.005433    
35344.000000 0.005393     0.005426    
35443.000000 0.005360     0.005418    
35542.000000 0.005369     0.005410    
35641.000000 0.005358     0.005403    
35740.000000 0.005371     0.005395    
35839.000000 0.005346     0.005388    
35938.000000 0.005348     0.005381    
36037.000000 0.005325     0.005373    
36136.000000 0.005321     0.005366    
36235.000000 0.005312     0.005358    
36334.000000 0.005310     0.005351    
36433.000000 0.005303     0.005344    
36532.000000 0.005304     0.005337    
36631.000000 0.005289     0.005329    
36730.000000 0.005278     0.005322    
36829.000000 0.005269     0.005315    
36928.000000 0.005269     0.005308    
37027.000000 0.005253     0.005301    
37126.000000 0.005272     0.005294    
37225.000000 0.005252     0.005287    
37324.000000 0.005240     0.005280    
37423.000000 0.005232     0.005273    
37522.000000 0.005239     0.005266    
37621.000000 0.005206     0.005259    
37720.000000 0.005210     0.005252    
37819.000000 0.005205     0.005245    
37918.000000 0.005191     0.005238    
38017.000000 0.005178     0.005231    
38116.000000 0.005183     0.005225    
38215.000000 0.005176     0.005218    
38314.000000 0.005188     0.005211    
38413.000000 0.005157     0.005204    
38512.000000 0.005158     0.005198    
38611.000000 0.005155     0.005191    
38710.000000 0.005144     0.005184    
38809.000000 0.005153     0.005178    
38908.000000 0.005147     0.005171    
39007.000000 0.005126     0.005165    
39106.000000 0.005108     0.005158    
39205.000000 0.005124     0.005151    
39304.000000 0.005093     0.005145    
39403.000000 0.005103     0.005138    
39502.000000 0.005096     0.005132    
39601.000000 0.005105     0.005126    
39700.000000 0.005098     0.005119    
39799.000000 0.005053     0.005113    
39898.000000 0.005074     0.005107    
39997.000000 0.005072     0.005100    
40096.000000 0.005065     0.005094    
40195.000000 0.005052     0.005088    
40294.000000 0.005047     0.005081    
40393.000000 0.005029     0.005075    
40492.000000 0.005036     0.005069    
40591.000000 0.005026     0.005063    
40690.000000 0.005017     0.005057    
40789.000000 0.005015     0.005050    
40888.000000 0.005003     0.005044    
40987.000000 0.005002     0.005038    
41086.000000 0.004994     0.005032    
41185.000000 0.004989     0.005026    
41284.000000 0.004980     0.005020    
41383.000000 0.004983     0.005014    
41482.000000 0.004970     0.005008    
41581.000000 0.004969     0.005002    
41680.000000 0.004948     0.004996    
41779.000000 0.004950     0.004990    
41878.000000 0.004958     0.004984    
41977.000000 0.004943     0.004978    
42076.000000 0.004936     0.004973    
42175.000000 0.004930     0.004967    
42274.000000 0.004917     0.004961    
42373.000000 0.004919     0.004955    
42472.000000 0.004909     0.004949    
42571.000000 0.004920     0.004944    
42670.000000 0.004901     0.004938    
42769.000000 0.004896     0.004932    
42868.000000 0.004891     0.004926    
42967.000000 0.004867     0.004921    
43066.000000 0.004861     0.004915    
43165.000000 0.004864     0.004909    
43264.000000 0.004866     0.004904    
43363.000000 0.004850     0.004898    
43462.000000 0.004861     0.004893    
43561.000000 0.004849     0.004887    
43660.000000 0.004848     0.004882    
43759.000000 0.004844     0.004876    
43858.000000 0.004834     0.004871    
43957.000000 0.004824     0.004865    
44056.000000 0.004815     0.004860    
44155.000000 0.004831     0.004854    
44254.000000 0.004807     0.004849    
44353.000000 0.004832     0.004843    
44452.000000 0.004807     0.004838    
44551.000000 0.004803     0.004832    
44650.000000 0.004794     0.004827    
44749.000000 0.004785     0.004822    
44848.000000 0.004778     0.004816    
44947.000000 0.004779     0.004811    
45046.000000 0.004766     0.004806    
45145.000000 0.004766     0.004801    
45244.000000 0.004759     0.004795    
45343.000000 0.004748     0.004790    
45442.000000 0.004745     0.004785    
45541.000000 0.004751     0.004780    
45640.000000 0.004756     0.004774    
45739.000000 0.004733     0.004769    
45838.000000 0.004717     0.004764    
45937.000000 0.004729     0.004759    
46036.000000 0.004734     0.004754    
46135.000000 0.004705     0.004749    
46234.000000 0.004694     0.004744    
46333.000000 0.004699     0.004739    
46432.000000 0.004695     0.004734    
46531.000000 0.004677     0.004729    
46630.000000 0.004706     0.004724    
46729.000000 0.004683     0.004719    
46828.000000 0.004684     0.004714    
46927.000000 0.004666     0.004709    
47026.000000 0.004659     0.004704    
47125.000000 0.004665     0.004699    
47224.000000 0.004654     0.004694    
47323.000000 0.004653     0.004689    
47422.000000 0.004654     0.004684    
47521.000000 0.004652     0.004679    
47620.000000 0.004659     0.004674    
47719.000000 0.004634     0.004669    
47818.000000 0.004644     0.004664    
47917.000000 0.004625     0.004660    
48016.000000 0.004627     0.004655    
48115.000000 0.004627     0.004650    
48214.000000 0.004622     0.004645    
48313.000000 0.004597     0.004641    
48412.000000 0.004598     0.004636    
48511.000000 0.004605     0.004631    
48610.000000 0.004583     0.004626    
48709.000000 0.004582     0.004622    
48808.000000 0.004593     0.004617    
48907.000000 0.004585     0.004612    
49006.000000 0.004564     0.004608    
49105.000000 0.004569     0.004603    
49204.000000 0.004556     0.004598    
49303.000000 0.004559     0.004594    
49402.000000 0.004565     0.004589    
49501.000000 0.004559     0.004585    
49600.000000 0.004559     0.004580    
49699.000000 0.004536     0.004575    
49798.000000 0.004546     0.004571    
49897.000000 0.004525     0.004566    
49996.000000 0.004519     0.004562    
50095.000000 0.004526     0.004557    
50194.000000 0.004517     0.004553    
50293.000000 0.004508     0.004548    
50392.000000 0.004513     0.004544    
50491.000000 0.004497     0.004539    
50590.000000 0.004509     0.004535    
50689.000000 0.004490     0.004530    
50788.000000 0.004496     0.004526    
50887.000000 0.004496     0.004522    
50986.000000 0.004508     0.004517    
51085.000000 0.004483     0.004513    
51184.000000 0.004459     0.004509    
51283.000000 0.004475     0.004504    
51382.000000 0.004469     0.004500    
51481.000000 0.004464     0.004495    
51580.000000 0.004451     0.004491    
51679.000000 0.004468     0.004487    
51778.000000 0.004452     0.004483    
51877.000000 0.004444     0.004478    
51976.000000 0.004445     0.004474    
52075.000000 0.004448     0.004470    
52174.000000 0.004423     0.004466    
52273.000000 0.004448     0.004461    
52372.000000 0.004443     0.004457    
52471.000000 0.004425     0.004453    
52570.000000 0.004420     0.004449    
52669.000000 0.004411     0.004444    
52768.000000 0.004405     0.004440    
52867.000000 0.004406     0.004436    
52966.000000 0.004413     0.004432    
53065.000000 0.004386     0.004428    
53164.000000 0.004381     0.004424    
53263.000000 0.004383     0.004420    
53362.000000 0.004389     0.004416    
53461.000000 0.004376     0.004411    
53560.000000 0.004368     0.004407    
53659.000000 0.004365     0.004403    
53758.000000 0.004375     0.004399    
53857.000000 0.004363     0.004395    
53956.000000 0.004353     0.004391    
54055.000000 0.004358     0.004387    
54154.000000 0.004365     0.004383    
54253.000000 0.004339     0.004379    
54352.000000 0.004352     0.004375    
54451.000000 0.004333     0.004371    
54550.000000 0.004342     0.004367    
54649.000000 0.004320     0.004363    
54748.000000 0.004347     0.004359    
54847.000000 0.004328     0.004355    
54946.000000 0.004312     0.004351    
55045.000000 0.004314     0.004348    
55144.000000 0.004316     0.004344    
55243.000000 0.004310     0.004340    
55342.000000 0.004312     0.004336    
55441.000000 0.004297     0.004332    
55540.000000 0.004296     0.004328    
55639.000000 0.004297     0.004324    
55738.000000 0.004286     0.004320    
55837.000000 0.004278     0.004317    
55936.000000 0.004285     0.004313    
56035.000000 0.004276     0.004309    
56134.000000 0.004282     0.004305    
56233.000000 0.004265     0.004301    
56332.000000 0.004271     0.004298    
56431.000000 0.004271     0.004294    
56530.000000 0.004252     0.004290    
56629.000000 0.004259     0.004286    
56728.000000 0.004251     0.004283    
56827.000000 0.004244     0.004279    
56926.000000 0.004245     0.004275    
57025.000000 0.004242     0.004271    
57124.000000 0.004236     0.004268    
57223.000000 0.004229     0.004264    
57322.000000 0.004233     0.004260    
57421.000000 0.004218     0.004257    
57520.000000 0.004215     0.004253    
57619.000000 0.004222     0.004249    
57718.000000 0.004219     0.004246    
57817.000000 0.004213     0.004242    
57916.000000 0.004213     0.004238    
58015.000000 0.004209     0.004235    
58114.000000 0.004206     0.004231    
58213.000000 0.004199     0.004228    
58312.000000 0.004193     0.004224    
58411.000000 0.004188     0.004220    
58510.000000 0.004182     0.004217    
58609.000000 0.004168     0.004213    
58708.000000 0.004186     0.004210    
58807.000000 0.004186     0.004206    
58906.000000 0.004177     0.004203    
59005.000000 0.004179     0.004199    
59104.000000 0.004167     0.004196    
59203.000000 0.004157     0.004192    
59302.000000 0.004148     0.004189    
59401.000000 0.004147     0.004185    
59500.000000 0.004154     0.004182    
59599.000000 0.004157     0.004178    
59698.000000 0.004135     0.004175    
59797.000000 0.004152     0.004171    
59896.000000 0.004126     0.004168    
59995.000000 0.004126     0.004164    
60094.000000 0.004138     0.004161    
60193.000000 0.004118     0.004157    
60292.000000 0.004131     0.004154    
60391.000000 0.004117     0.004151    
60490.000000 0.004110     0.004147    
60589.000000 0.004110     0.004144    
60688.000000 0.004112     0.004140    
60787.000000 0.004117     0.004137    
60886.000000 0.004108     0.004134    
60985.000000 0.004099     0.004130    
61084.000000 0.004101     0.004127    
61183.000000 0.004080     0.004124    
61282.000000 0.004096     0.004120    
61381.000000 0.004085     0.004117    
61480.000000 0.004086     0.004114    
61579.000000 0.004081     0.004110    
61678.000000 0.004071     0.004107    
61777.000000 0.004077     0.004104    
61876.000000 0.004075     0.004101    
61975.000000 0.004071     0.004097    
62074.000000 0.004060     0.004094    
62173.000000 0.004067     0.004091    
62272.000000 0.004064     0.004087    
62371.000000 0.004053     0.004084    
62470.000000 0.004048     0.004081    
62569.000000 0.004046     0.004078    
62668.000000 0.004055     0.004075    
62767.000000 0.004054     0.004071    
62866.000000 0.004040     0.004068    
62965.000000 0.004042     0.004065    
63064.000000 0.004029     0.004062    
63163.000000 0.004043     0.004059    
63262.000000 0.004034     0.004055    
63361.000000 0.004006     0.004052    
63460.000000 0.004010     0.004049    
63559.000000 0.004024     0.004046    
63658.000000 0.004014     0.004043    
63757.000000 0.004018     0.004040    
63856.000000 0.004004     0.004036    
63955.000000 0.004001     0.004033    
64054.000000 0.004006     0.004030    
64153.000000 0.004001     0.004027    
64252.000000 0.003991     0.004024    
64351.000000 0.003981     0.004021    
64450.000000 0.003978     0.004018    
64549.000000 0.003981     0.004015    
64648.000000 0.003983     0.004012    
64747.000000 0.003973     0.004009    
64846.000000 0.003979     0.004006    
64945.000000 0.003966     0.004002    
65044.000000 0.003971     0.003999    
65143.000000 0.003974     0.003996    
65242.000000 0.003953     0.003993    
65341.000000 0.003957     0.003990    
65440.000000 0.003957     0.003987    
65539.000000 0.003951     0.003984    
65638.000000 0.003958     0.003981    
65737.000000 0.003943     0.003978    
65836.000000 0.003955     0.003975    
65935.000000 0.003942     0.003972    
66034.000000 0.003942     0.003969    
66133.000000 0.003937     0.003966    
66232.000000 0.003942     0.003963    
66331.000000 0.003931     0.003960    
66430.000000 0.003931     0.003957    
66529.000000 0.003927     0.003955    
66628.000000 0.003924     0.003952    
66727.000000 0.003916     0.003949    
66826.000000 0.003916     0.003946    
66925.000000 0.003911     0.003943    
67024.000000 0.003909     0.003940    
67123.000000 0.003912     0.003937    
67222.000000 0.003897     0.003934    
67321.000000 0.003906     0.003931    
67420.000000 0.003900     0.003928    
67519.000000 0.003894     0.003925    
67618.000000 0.003899     0.003923    
67717.000000 0.003890     0.003920    
67816.000000 0.003882     0.003917    
67915.000000 0.003886     0.003914    
68014.000000 0.003876     0.003911    
68113.000000 0.003890     0.003908    
68212.000000 0.003873     0.003905    
68311.000000 0.003877     0.003903    
68410.000000 0.003868     0.003900    
68509.000000 0.003869     0.003897    
68608.000000 0.003871     0.003894    
68707.000000 0.003872     0.003891    
68806.000000 0.003856     0.003889    
68905.000000 0.003856     0.003886    
69004.000000 0.003856     0.003883    
69103.000000 0.003853     0.003880    
69202.000000 0.003847     0.003877    
69301.000000 0.003842     0.003875    
69400.000000 0.003842     0.003872    
69499.000000 0.003842     0.003869    
69598.000000 0.003835     0.003866    
69697.000000 0.003840     0.003864    
69796.000000 0.003842     0.003861    
69895.000000 0.003829     0.003858    
69994.000000 0.003821     0.003855    
70093.000000 0.003829     0.003853    
70192.000000 0.003823     0.003850    
70291.000000 0.003816     0.003847    
70390.000000 0.003819     0.003845    
70489.000000 0.003818     0.003842    
70588.000000 0.003813     0.003839    
70687.000000 0.003798     0.003836    
70786.000000 0.003809     0.003834    
70885.000000 0.003804     0.003831    
70984.000000 0.003799     0.003828    
71083.000000 0.003798     0.003826    
71182.000000 0.003808     0.003823    
71281.000000 0.003800     0.003820    
71380.000000 0.003792     0.003818    
71479.000000 0.003788     0.003815    
71578.000000 0.003786     0.003813    
71677.000000 0.003772     0.003810    
71776.000000 0.003780     0.003807    
71875.000000 0.003777     0.003805    
71974.000000 0.003765     0.003802    
72073.000000 0.003772     0.003799    
72172.000000 0.003766     0.003797    
72271.000000 0.003767     0.003794    
72370.000000 0.003756     0.003792    
72469.000000 0.003764     0.003789    
72568.000000 0.003767     0.003786    
72667.000000 0.003753     0.003784    
72766.000000 0.003753     0.003781    
72865.000000 0.003745     0.003779    
72964.000000 0.003747     0.003776    
73063.000000 0.003744     0.003774    
73162.000000 0.003743     0.003771    
73261.000000 0.003741     0.003768    
73360.000000 0.003729     0.003766    
73459.000000 0.003732     0.003763    
73558.000000 0.003746     0.003761    
73657.000000 0.003736     0.003758    
73756.000000 0.003731     0.003756    
73855.000000 0.003721     0.003753    
73954.000000 0.003722     0.003751    
74053.000000 0.003729     0.003748    
74152.000000 0.003711     0.003746    
74251.000000 0.003713     0.003743    
74350.000000 0.003718     0.003741    
74449.000000 0.003702     0.003738    
74548.000000 0.003715     0.003736    
74647.000000 0.003703     0.003733    
74746.000000 0.003701     0.003731    
74845.000000 0.003696     0.003728    
74944.000000 0.003700     0.003726    
75043.000000 0.003696     0.003723    
75142.000000 0.003686     0.003721    
75241.000000 0.003695     0.003719    
75340.000000 0.003693     0.003716    
75439.000000 0.003684     0.003714    
75538.000000 0.003683     0.003711    
75637.000000 0.003682     0.003709    
75736.000000 0.003685     0.003706    
75835.000000 0.003666     0.003704    
75934.000000 0.003670     0.003702    
76033.000000 0.003684     0.003699    
76132.000000 0.003676     0.003697    
76231.000000 0.003673     0.003694    
76330.000000 0.003661     0.003692    
76429.000000 0.003671     0.003690    
76528.000000 0.003664     0.003687    
76627.000000 0.003657     0.003685    
76726.000000 0.003661     0.003682    
76825.000000 0.003653     0.003680    
76924.000000 0.003657     0.003678    
77023.000000 0.003654     0.003675    
77122.000000 0.003654     0.003673    
77221.000000 0.003640     0.003671    
77320.000000 0.003643     0.003668    
77419.000000 0.003654     0.003666    
77518.000000 0.003644     0.003664    
77617.000000 0.003630     0.003661    
77716.000000 0.003630     0.003659    
77815.000000 0.003631     0.003657    
77914.000000 0.003633     0.003654    
78013.000000 0.003623     0.003652    
78112.000000 0.003624     0.003650    
78211.000000 0.003620     0.003647    
78310.000000 0.003622     0.003645    
78409.000000 0.003622     0.003643    
78508.000000 0.003617     0.003640    
78607.000000 0.003617     0.003638    
78706.000000 0.003615     0.003636    
78805.000000 0.003603     0.003633    
78904.000000 0.003602     0.003631    
79003.000000 0.003606     0.003629    
79102.000000 0.003590     0.003627    
79201.000000 0.003605     0.003624    
79300.000000 0.003600     0.003622    
79399.000000 0.003603     0.003620    
79498.000000 0.003590     0.003618    
79597.000000 0.003582     0.003615    
79696.000000 0.003589     0.003613    
79795.000000 0.003576     0.003611    
79894.000000 0.003585     0.003609    
79993.000000 0.003572     0.003606    
80092.000000 0.003580     0.003604    
80191.000000 0.003588     0.003602    
80290.000000 0.003576     0.003600    
80389.000000 0.003570     0.003598    
80488.000000 0.003566     0.003595    
80587.000000 0.003575     0.003593    
80686.000000 0.003563     0.003591    
80785.000000 0.003573     0.003589    
80884.000000 0.003564     0.003586    
80983.000000 0.003558     0.003584    
81082.000000 0.003559     0.003582    
81181.000000 0.003554     0.003580    
81280.000000 0.003553     0.003578    
81379.000000 0.003551     0.003576    
81478.000000 0.003535     0.003573    
81577.000000 0.003548     0.003571    
81676.000000 0.003545     0.003569    
81775.000000 0.003534     0.003567    
81874.000000 0.003535     0.003565    
81973.000000 0.003533     0.003563    
82072.000000 0.003538     0.003560    
82171.000000 0.003524     0.003558    
82270.000000 0.003521     0.003556    
82369.000000 0.003532     0.003554    
82468.000000 0.003532     0.003552    
82567.000000 0.003527     0.003550    
82666.000000 0.003517     0.003548    
82765.000000 0.003515     0.003545    
82864.000000 0.003521     0.003543    
82963.000000 0.003521     0.003541    
83062.000000 0.003514     0.003539    
83161.000000 0.003509     0.003537    
83260.000000 0.003503     0.003535    
83359.000000 0.003503     0.003533    
83458.000000 0.003502     0.003531    
83557.000000 0.003511     0.003529    
83656.000000 0.003494     0.003527    
83755.000000 0.003500     0.003524    
83854.000000 0.003500     0.003522    
83953.000000 0.003499     0.003520    
84052.000000 0.003491     0.003518    
84151.000000 0.003499     0.003516    
84250.000000 0.003492     0.003514    
84349.000000 0.003484     0.003512    
84448.000000 0.003486     0.003510    
84547.000000 0.003484     0.003508    
84646.000000 0.003479     0.003506    
84745.000000 0.003484     0.003504    
84844.000000 0.003482     0.003502    
84943.000000 0.003472     0.003500    
85042.000000 0.003472     0.003498    
85141.000000 0.003469     0.003496    
85240.000000 0.003463     0.003494    
85339.000000 0.003469     0.003492    
85438.000000 0.003465     0.003490    
85537.000000 0.003453     0.003488    
85636.000000 0.003460     0.003486    
85735.000000 0.003464     0.003484    
85834.000000 0.003465     0.003482    
85933.000000 0.003448     0.003480    
86032.000000 0.003452     0.003478    
86131.000000 0.003444     0.003476    
86230.000000 0.003450     0.003474    
86329.000000 0.003445     0.003472    
86428.000000 0.003442     0.003470    
86527.000000 0.003438     0.003468    
86626.000000 0.003446     0.003466    
86725.000000 0.003444     0.003464    
86824.000000 0.003441     0.003462    
86923.000000 0.003437     0.003460    
87022.000000 0.003424     0.003458    
87121.000000 0.003430     0.003456    
87220.000000 0.003432     0.003454    
87319.000000 0.003430     0.003452    
87418.000000 0.003421     0.003450    
87517.000000 0.003412     0.003448    
87616.000000 0.003422     0.003446    
87715.000000 0.003416     0.003444    
87814.000000 0.003418     0.003442    
87913.000000 0.003422     0.003440    
88012.000000 0.003417     0.003438    
88111.000000 0.003410     0.003436    
88210.000000 0.003413     0.003434    
88309.000000 0.003407     0.003432    
88408.000000 0.003400     0.003430    
88507.000000 0.003401     0.003429    
88606.000000 0.003401     0.003427    
88705.000000 0.003400     0.003425    
88804.000000 0.003399     0.003423    
88903.000000 0.003402     0.003421    
89002.000000 0.003398     0.003419    
89101.000000 0.003396     0.003417    
89200.000000 0.003390     0.003415    
89299.000000 0.003391     0.003413    
89398.000000 0.003394     0.003411    
89497.000000 0.003391     0.003410    
89596.000000 0.003387     0.003408    
89695.000000 0.003383     0.003406    
89794.000000 0.003384     0.003404    
89893.000000 0.003384     0.003402    
89992.000000 0.003366     0.003400    
90091.000000 0.003380     0.003398    
90190.000000 0.003377     0.003396    
90289.000000 0.003380     0.003395    
90388.000000 0.003365     0.003393    
90487.000000 0.003370     0.003391    
90586.000000 0.003368     0.003389    
90685.000000 0.003360     0.003387    
90784.000000 0.003351     0.003385    
90883.000000 0.003361     0.003383    
90982.000000 0.003359     0.003382    
91081.000000 0.003352     0.003380    
91180.000000 0.003350     0.003378    
91279.000000 0.003354     0.003376    
91378.000000 0.003348     0.003374    
91477.000000 0.003343     0.003372    
91576.000000 0.003345     0.003371    
91675.000000 0.003350     0.003369    
91774.000000 0.003347     0.003367    
91873.000000 0.003340     0.003365    
91972.000000 0.003337     0.003363    
92071.000000 0.003338     0.003362    
92170.000000 0.003330     0.003360    
92269.000000 0.003333     0.003358    
92368.000000 0.003331     0.003356    
92467.000000 0.003328     0.003354    
92566.000000 0.003325     0.003353    
92665.000000 0.003326     0.003351    
92764.000000 0.003331     0.003349    
92863.000000 0.003319     0.003347    
92962.000000 0.003330     0.003345    
93061.000000 0.003314     0.003344    
93160.000000 0.003316     0.003342    
93259.000000 0.003308     0.003340    
93358.000000 0.003316     0.003338    
93457.000000 0.003313     0.003337    
93556.000000 0.003319     0.003335    
93655.000000 0.003306     0.003333    
93754.000000 0.003311     0.003331    
93853.000000 0.003305     0.003329    
93952.000000 0.003304     0.003328    
94051.000000 0.003302     0.003326    
94150.000000 0.003302     0.003324    
94249.000000 0.003302     0.003322    
94348.000000 0.003295     0.003321    
94447.000000 0.003293     0.003319    
94546.000000 0.003298     0.003317    
94645.000000 0.003289     0.003316    
94744.000000 0.003292     0.003314    
94843.000000 0.003289     0.003312    
94942.000000 0.003284     0.003310    
95041.000000 0.003286     0.003309    
95140.000000 0.003287     0.003307    
95239.000000 0.003277     0.003305    
95338.000000 0.003283     0.003303    
95437.000000 0.003274     0.003302    
95536.000000 0.003275     0.003300    
95635.000000 0.003273     0.003298    
95734.000000 0.003277     0.003297    
95833.000000 0.003271     0.003295    
95932.000000 0.003262     0.003293    
96031.000000 0.003261     0.003292    
96130.000000 0.003264     0.003290    
96229.000000 0.003266     0.003288    
96328.000000 0.003267     0.003286    
96427.000000 0.003266     0.003285    
96526.000000 0.003254     0.003283    
96625.000000 0.003256     0.003281    
96724.000000 0.003259     0.003280    
96823.000000 0.003247     0.003278    
96922.000000 0.003250     0.003276    
97021.000000 0.003256     0.003275    
97120.000000 0.003252     0.003273    
97219.000000 0.003248     0.003271    
97318.000000 0.003249     0.003270    
97417.000000 0.003246     0.003268    
97516.000000 0.003241     0.003266    
97615.000000 0.003239     0.003265    
97714.000000 0.003242     0.003263    
97813.000000 0.003241     0.003261    
97912.000000 0.003235     0.003260    
98011.000000 0.003231     0.003258    
98110.000000 0.003225     0.003256    
98209.000000 0.003238     0.003255    
98308.000000 0.003228     0.003253    
98407.000000 0.003230     0.003252    
98506.000000 0.003225     0.003250    
98605.000000 0.003230     0.003248    
98704.000000 0.003227     0.003247    
98803.000000 0.003220     0.003245    
98902.000000 0.003224     0.003243    
99001.000000 0.003219     0.003242    
99100.000000 0.003213     0.003240    
99199.000000 0.003211     0.003239    
99298.000000 0.003205     0.003237    
99397.000000 0.003215     0.003235    
99496.000000 0.003213     0.003234    
99595.000000 0.003207     0.003232    
99694.000000 0.003204     0.003230    
99793.000000 0.003208     0.003229    
99892.000000 0.003201     0.003227    
99991.000000 0.003205     0.003226    
