# k   calc     exact   
# 0 : 9.853    9.870   
# 1 : 39.211   39.478  
# 2 : 87.476   88.826  
# 3 : 153.667  157.914 
# 4 : 236.434  246.740 
# 5 : 334.095  355.306 
# 6 : 444.660  483.611 

# x      y       
0        0       
0.045    0.142   
0.091    0.282   
0.136    0.415   
0.182    0.541   
0.227    0.655   
0.273    0.756   
0.318    0.841   
0.364    0.910   
0.409    0.959   
0.455    0.990   
0.500    1.000   
0.545    0.990   
0.591    0.959   
0.636    0.910   
0.682    0.841   
0.727    0.756   
0.773    0.655   
0.818    0.541   
0.864    0.415   
0.909    0.282   
0.955    0.142   
1        0       

0        0       
0.045    0.282   
0.091    0.541   
0.136    0.756   
0.182    0.910   
0.227    0.990   
0.273    0.990   
0.318    0.910   
0.364    0.756   
0.409    0.541   
0.455    0.282   
0.500    0.000   
0.545    -0.282  
0.591    -0.541  
0.636    -0.756  
0.682    -0.910  
0.727    -0.990  
0.773    -0.990  
0.818    -0.910  
0.864    -0.756  
0.909    -0.541  
0.955    -0.282  
1        0       

0        0       
0.045    0.415   
0.091    0.756   
0.136    0.959   
0.182    0.990   
0.227    0.841   
0.273    0.541   
0.318    0.142   
0.364    -0.282  
0.409    -0.655  
0.455    -0.910  
0.500    -1.000  
0.545    -0.910  
0.591    -0.655  
0.636    -0.282  
0.682    0.142   
0.727    0.541   
0.773    0.841   
0.818    0.990   
0.864    0.959   
0.909    0.756   
0.955    0.415   
1        0       

0        0       
0.045    0.541   
0.091    0.910   
0.136    0.990   
0.182    0.756   
0.227    0.282   
0.273    -0.282  
0.318    -0.756  
0.364    -0.990  
0.409    -0.910  
0.455    -0.541  
0.500    0.000   
0.545    0.541   
0.591    0.910   
0.636    0.990   
0.682    0.756   
0.727    0.282   
0.773    -0.282  
0.818    -0.756  
0.864    -0.990  
0.909    -0.910  
0.955    -0.541  
1        0       

