# n        1row     n^2     
10       0.000    0.320   
30       0.000    2.880   
50       1.000    8.000   
70       5.000    15.680  
90       4.000    25.920  
110      17.000   38.720  
130      39.000   54.080  
150      38.000   72.000  
170      29.000   92.480  
190      39.000   115.520 
210      49.000   141.120 
230      109.000  169.280 
250      92.000   200.000 
270      88.000   233.280 
290      183.000  269.120 
310      141.000  307.520 
330      134.000  348.480 
350      386.000  392.000 
370      164.000  438.080 
390      225.000  486.720 
410      755.000  537.920 
430      358.000  591.680 
450      1160.000 648.000 
470      341.000  706.880 
490      327.000  768.320 
510      548.000  832.320 
530      1013.000 898.880 
550      1444.000 968.000 
570      1384.000 1039.680
590      595.000  1113.920
610      1134.000 1190.720
630      2936.000 1270.080
650      2467.000 1352.000
670      1393.000 1436.480
690      1910.000 1523.520
710      1062.000 1613.120
730      2363.000 1705.280
750      1059.000 1800.000
770      7593.000 1897.280
790      2120.000 1997.120
810      2599.000 2099.520
830      4015.000 2204.480
850      4437.000 2312.000
870      4065.000 2422.080
890      5091.000 2534.720
910      1465.000 2649.920
930      2377.000 2767.680
950      4850.000 2888.000
970      3361.000 3010.880
990      5116.000 3136.320
