# n      cyclic   n^3     
10       0.000    2.756   
20       2.000    22.050  
30       14.000   74.419  
40       40.000   176.400 
50       91.000   344.531 
60       153.000  595.350 
70       362.000  945.394 
80       575.000  1411.200
90       817.000  2009.306
100      1263.000 2756.250
110      1835.000 3668.569
120      2888.000 4762.800
130      3142.000 6055.481
140      5067.000 7563.150
150      5473.000 9302.344
160      7670.000 11289.600
170      9878.000 13541.456
180      13270.000 16074.450
190      17740.000 18905.119
