# n      cyclic   n^3     
10       0.000    0.052   
20       0.000    0.415   
30       1.000    1.400   
40       3.000    3.319   
50       8.000    6.481   
60       10.000   11.200  
70       18.000   17.785  
80       27.000   26.548  
90       38.000   37.800  
100      51.000   51.852  
110      69.000   69.015  
120      88.000   89.600  
130      114.000  113.919 
140      154.000  142.281 
150      174.000  175.000 
160      212.000  212.385 
170      269.000  254.748 
180      325.000  302.400 
190      365.000  355.652 
200      488.000  414.815 
210      560.000  480.200 
220      629.000  552.119 
230      721.000  630.881 
240      839.000  716.800 
250      945.000  810.185 
260      1044.000 911.348 
270      1020.000 1020.600
280      1262.000 1138.252
290      1436.000 1264.615
