0 0.999
0.05498 0.99759
0.10996 0.99317
0.16494 0.985741
0.21992 0.975337
0.2749 0.962083
0.32988 0.946117
0.38486 0.927426
0.43984 0.905737
0.49482 0.880761
0.5498 0.852579
0.60478 0.821711
0.65976 0.788683
0.71474 0.753692
0.76972 0.716664
0.8247 0.67754
0.87968 0.636489
0.93466 0.593806
0.98964 0.549717
1.04462 0.50402
1.0996 0.456355
1.15458 0.406497
1.20956 0.354773
1.26454 0.301649
1.31952 0.2476
1.3745 0.193123
1.42948 0.138716
1.48446 0.0846583
1.53944 0.0308414
1.59442 -0.0228841
1.6494 -0.0766729
1.70438 -0.130686
1.75936 -0.185064
1.81434 -0.239581
1.86932 -0.293709
1.9243 -0.346924
1.97928 -0.398823
2.03426 -0.449076
2.08924 -0.497395
2.14422 -0.543738
2.1992 -0.588158
2.25418 -0.63072
2.30916 -0.671529
2.36414 -0.7107
2.41912 -0.748256
2.4741 -0.783976
2.52908 -0.817603
2.58406 -0.848839
2.63904 -0.877318
2.69402 -0.902673
2.749 -0.924794
2.80398 -0.943869
2.85896 -0.960098
2.91394 -0.973585
2.96892 -0.984359
3.0239 -0.99243
3.07888 -0.997684
3.13386 -0.999934
3.18884 -0.999024
3.24382 -0.995011
3.2988 -0.988031
3.35378 -0.97818
3.40876 -0.9654
3.46374 -0.949587
3.51872 -0.930668
3.5737 -0.908643
3.62868 -0.883521
3.68366 -0.85542
3.73864 -0.824637
3.79362 -0.79149
3.8486 -0.756273
3.90358 -0.719253
3.95856 -0.680682
4.01354 -0.640629
4.06852 -0.599012
4.1235 -0.555753
4.17848 -0.510881
4.23346 -0.464478
4.28844 -0.416623
4.34342 -0.367338
4.3984 -0.316626
4.45338 -0.264516
4.50836 -0.211145
4.56334 -0.156673
4.61832 -0.101252
4.6733 -0.045011
4.72828 0.011926
4.78326 0.0696198
4.83824 0.128445
4.89322 0.188782
4.9482 0.250277
5.00318 0.311717
5.05816 0.371824
5.11314 0.429098
5.16812 0.481848
5.2231 0.52851
5.27808 0.568862
5.33306 0.603449
5.38804 0.632765
5.44302 0.656949
5.498 0.676
