# x        y         
-0.584     -0.601    
-0.590     -0.593    
-0.597     -0.586    
-0.605     -0.581    
-0.615     -0.578    
-0.625     -0.576    
-0.635     -0.577    
-0.644     -0.580    
-0.653     -0.584    
-0.661     -0.590    
-0.668     -0.597    
-0.673     -0.606    
-0.676     -0.616    
-0.677     -0.626    
-0.677     -0.635    
-0.674     -0.645    
-0.669     -0.654    
-0.663     -0.662    
-0.656     -0.668    
-0.647     -0.673    
-0.638     -0.676    
-0.628     -0.678    
-0.618     -0.677    
-0.608     -0.674    
-0.599     -0.670    
-0.591     -0.664    
-0.585     -0.656    
-0.580     -0.648    
-0.577     -0.638    
-0.575     -0.628    
-0.576     -0.618    
-0.578     -0.609    
-0.583     -0.600    
-0.589     -0.592    
-0.596     -0.585    
-0.605     -0.580    
-0.614     -0.576    
-0.624     -0.575    
-0.634     -0.575    
-0.644     -0.577    
-0.653     -0.582    
-0.661     -0.587    
-0.668     -0.594    
-0.673     -0.603    
-0.677     -0.612    
-0.679     -0.622    
-0.679     -0.632    
-0.677     -0.642    
-0.673     -0.651    
-0.668     -0.659    
-0.661     -0.667    
-0.653     -0.672    
-0.644     -0.677    
-0.634     -0.679    
-0.624     -0.679    
-0.614     -0.678    
-0.605     -0.675    
-0.596     -0.670    
-0.588     -0.663    
-0.582     -0.656    
-0.577     -0.647    
-0.574     -0.637    
-0.573     -0.627    
-0.574     -0.618    
-0.577     -0.608    
-0.581     -0.599    
-0.587     -0.591    
-0.594     -0.584    
-0.603     -0.579    
-0.612     -0.575    
-0.622     -0.573    
-0.632     -0.573    
-0.642     -0.575    
-0.651     -0.578    
-0.659     -0.584    
-0.667     -0.590    
-0.673     -0.598    
-0.677     -0.607    
-0.680     -0.617    
-0.681     -0.627    
-0.680     -0.637    
-0.677     -0.646    
-0.673     -0.655    
-0.667     -0.663    
-0.660     -0.670    
-0.651     -0.676    
-0.642     -0.679    
-0.632     -0.681    
-0.622     -0.681    
-0.612     -0.680    
-0.603     -0.676    
-0.594     -0.671    
-0.587     -0.665    
-0.580     -0.657    
-0.576     -0.648    
-0.573     -0.638    
-0.571     -0.629    
-0.572     -0.619    
-0.574     -0.609    
-0.578     -0.600    
-0.584     -0.591    
-0.591     -0.584    
-0.599     -0.578    
-0.608     -0.574    
-0.618     -0.572    
-0.627     -0.571    
-0.637     -0.572    
-0.647     -0.574    
-0.656     -0.579    
-0.664     -0.585    
-0.671     -0.592    
-0.676     -0.600    
-0.680     -0.610    
-0.683     -0.619    
-0.683     -0.629    
-0.682     -0.639    
-0.679     -0.649    
-0.674     -0.658    
-0.668     -0.665    
-0.661     -0.672    
-0.652     -0.677    
-0.643     -0.681    
-0.633     -0.683    
-0.623     -0.684    
-0.613     -0.682    
-0.604     -0.679    
-0.595     -0.674    
-0.587     -0.668    
-0.580     -0.661    
-0.575     -0.652    
-0.571     -0.643    
-0.569     -0.633    
-0.569     -0.623    
-0.571     -0.613    
-0.574     -0.604    
-0.578     -0.595    
-0.585     -0.587    
-0.592     -0.580    
-0.600     -0.575    
-0.610     -0.571    
-0.619     -0.569    
-0.629     -0.569    
-0.639     -0.570    
-0.649     -0.573    
-0.658     -0.577    
-0.666     -0.583    
-0.673     -0.590    
-0.678     -0.599    
-0.682     -0.608    
-0.685     -0.617    
-0.685     -0.627    
-0.685     -0.637    
-0.682     -0.647    
-0.678     -0.656    
-0.672     -0.664    
-0.665     -0.672    
-0.657     -0.677    
-0.648     -0.682    
-0.639     -0.685    
-0.629     -0.686    
-0.619     -0.686    
-0.609     -0.684    
-0.600     -0.680    
-0.591     -0.675    
-0.584     -0.668    
-0.577     -0.660    
-0.572     -0.652    
-0.569     -0.642    
-0.567     -0.633    
-0.567     -0.623    
-0.568     -0.613    
-0.571     -0.603    
-0.576     -0.594    
-0.582     -0.586    
-0.589     -0.579    
-0.597     -0.574    
-0.606     -0.570    
-0.616     -0.567    
-0.626     -0.566    
-0.636     -0.566    
-0.645     -0.569    
-0.655     -0.572    
-0.663     -0.578    
-0.671     -0.584    
-0.677     -0.592    
-0.682     -0.600    
-0.686     -0.610    
-0.688     -0.620    
-0.688     -0.630    
-0.687     -0.639    
-0.684     -0.649    
-0.680     -0.658    
-0.674     -0.666    
-0.667     -0.673    
-0.659     -0.679    
-0.650     -0.684    
-0.641     -0.687    
-0.631     -0.689    
-0.621     -0.689    
-0.611     -0.687    
-0.602     -0.684    
-0.593     -0.679    
-0.585     -0.673    
-0.578     -0.666    
-0.572     -0.658    
-0.568     -0.649    
-0.565     -0.639    
-0.564     -0.629    
-0.564     -0.620    
-0.566     -0.610    
-0.569     -0.600    
-0.574     -0.592    
-0.580     -0.584    
-0.587     -0.577    
-0.596     -0.571    
-0.605     -0.567    
-0.614     -0.564    
-0.624     -0.563    
-0.634     -0.563    
-0.644     -0.565    
-0.653     -0.568    
-0.662     -0.573    
-0.670     -0.579    
-0.677     -0.586    
-0.683     -0.595    
-0.687     -0.604    
-0.690     -0.613    
-0.691     -0.623    
-0.691     -0.633    
-0.689     -0.643    
-0.686     -0.652    
-0.682     -0.661    
-0.676     -0.669    
-0.669     -0.676    
-0.661     -0.682    
-0.652     -0.687    
-0.642     -0.690    
-0.632     -0.692    
-0.622     -0.692    
-0.613     -0.691    
-0.603     -0.688    
-0.594     -0.684    
-0.586     -0.678    
-0.578     -0.672    
-0.572     -0.664    
-0.567     -0.655    
-0.563     -0.646    
-0.561     -0.636    
-0.560     -0.626    
-0.561     -0.616    
-0.563     -0.606    
-0.567     -0.597    
-0.572     -0.589    
-0.578     -0.581    
-0.585     -0.574    
-0.594     -0.568    
-0.603     -0.564    
-0.612     -0.561    
-0.622     -0.559    
-0.632     -0.559    
-0.642     -0.561    
-0.651     -0.564    
-0.660     -0.568    
-0.669     -0.574    
-0.676     -0.580    
-0.683     -0.588    
-0.688     -0.596    
-0.692     -0.606    
-0.694     -0.615    
-0.695     -0.625    
-0.695     -0.635    
-0.693     -0.645    
-0.689     -0.655    
-0.685     -0.663    
-0.679     -0.671    
-0.672     -0.679    
-0.664     -0.685    
-0.655     -0.690    
-0.646     -0.693    
-0.636     -0.695    
-0.626     -0.696    
-0.616     -0.695    
-0.607     -0.693    
-0.597     -0.690    
-0.588     -0.685    
-0.580     -0.679    
-0.573     -0.672    
-0.567     -0.664    
-0.563     -0.655    
-0.558     -0.646    
-0.557     -0.636    
-0.556     -0.626    
-0.557     -0.616    
-0.559     -0.606    
-0.562     -0.597    
-0.567     -0.588    
-0.573     -0.580    
-0.580     -0.573    
-0.588     -0.567    
-0.597     -0.562    
-0.606     -0.558    
-0.616     -0.556    
-0.626     -0.555    
-0.636     -0.555    
-0.645     -0.557    
-0.655     -0.560    
-0.664     -0.565    
-0.672     -0.571    
-0.679     -0.577    
-0.686     -0.585    
-0.691     -0.593    
-0.695     -0.603    
-0.698     -0.612    
-0.699     -0.622    
-0.699     -0.632    
-0.698     -0.642    
-0.695     -0.651    
-0.691     -0.661    
-0.686     -0.669    
-0.680     -0.677    
-0.673     -0.684    
-0.665     -0.690    
-0.656     -0.694    
-0.646     -0.698    
-0.637     -0.700    
-0.627     -0.701    
-0.617     -0.700    
-0.607     -0.698    
-0.597     -0.695    
-0.588     -0.691    
-0.580     -0.685    
-0.573     -0.678    
-0.566     -0.671    
-0.561     -0.662    
-0.556     -0.653    
-0.553     -0.644    
-0.552     -0.634    
-0.551     -0.624    
-0.552     -0.614    
-0.554     -0.604    
-0.558     -0.595    
-0.563     -0.586    
-0.568     -0.578    
-0.575     -0.571    
-0.583     -0.564    
-0.591     -0.559    
-0.601     -0.555    
-0.610     -0.552    
-0.620     -0.550    
-0.630     -0.550    
-0.640     -0.551    
-0.650     -0.553    
-0.659     -0.557    
-0.668     -0.561    
-0.676     -0.567    
-0.683     -0.574    
-0.690     -0.582    
-0.695     -0.590    
-0.699     -0.599    
-0.702     -0.608    
-0.704     -0.618    
-0.705     -0.628    
-0.704     -0.638    
-0.702     -0.648    
-0.699     -0.658    
-0.695     -0.666    
-0.689     -0.675    
-0.683     -0.682    
-0.675     -0.689    
-0.667     -0.695    
-0.658     -0.699    
-0.649     -0.703    
-0.639     -0.705    
-0.629     -0.706    
-0.619     -0.706    
-0.609     -0.705    
-0.600     -0.702    
-0.590     -0.698    
-0.582     -0.693    
-0.574     -0.687    
-0.566     -0.680    
-0.560     -0.673    
-0.555     -0.664    
-0.551     -0.655    
-0.548     -0.645    
-0.546     -0.636    
-0.545     -0.626    
-0.546     -0.616    
-0.548     -0.606    
-0.551     -0.596    
-0.555     -0.587    
-0.560     -0.579    
-0.566     -0.571    
-0.573     -0.564    
-0.581     -0.558    
-0.590     -0.553    
-0.599     -0.549    
-0.609     -0.546    
-0.619     -0.544    
-0.628     -0.544    
-0.638     -0.544    
-0.648     -0.546    
-0.658     -0.549    
-0.667     -0.553    
-0.675     -0.558    
-0.683     -0.565    
-0.690     -0.572    
-0.697     -0.580    
-0.702     -0.588    
-0.706     -0.597    
-0.709     -0.607    
-0.711     -0.616    
-0.712     -0.626    
-0.711     -0.636    
-0.710     -0.646    
-0.707     -0.656    
-0.703     -0.665    
-0.698     -0.674    
-0.692     -0.682    
-0.686     -0.689    
-0.678     -0.696    
-0.670     -0.701    
-0.661     -0.706    
-0.652     -0.710    
-0.642     -0.712    
-0.632     -0.713    
-0.622     -0.714    
-0.612     -0.713    
-0.602     -0.711    
-0.593     -0.707    
-0.584     -0.703    
-0.575     -0.698    
-0.567     -0.692    
-0.560     -0.685    
-0.554     -0.677    
-0.549     -0.668    
-0.544     -0.659    
-0.541     -0.650    
-0.539     -0.640    
-0.538     -0.630    
-0.538     -0.620    
-0.539     -0.610    
-0.541     -0.601    
-0.544     -0.591    
-0.549     -0.582    
-0.554     -0.574    
-0.560     -0.566    
-0.567     -0.559    
-0.575     -0.552    
-0.583     -0.547    
-0.592     -0.543    
-0.602     -0.539    
-0.611     -0.537    
-0.621     -0.535    
-0.631     -0.535    
-0.641     -0.536    
-0.651     -0.538    
-0.661     -0.541    
-0.670     -0.545    
-0.678     -0.550    
-0.686     -0.556    
-0.694     -0.563    
-0.700     -0.570    
-0.706     -0.578    
-0.711     -0.587    
-0.715     -0.596    
-0.718     -0.606    
-0.720     -0.616    
-0.721     -0.626    
-0.720     -0.636    
-0.719     -0.646    
-0.717     -0.655    
-0.713     -0.665    
-0.709     -0.674    
-0.704     -0.682    
-0.698     -0.690    
-0.691     -0.697    
-0.683     -0.704    
-0.675     -0.709    
-0.666     -0.714    
-0.657     -0.718    
-0.647     -0.721    
-0.637     -0.722    
-0.627     -0.723    
-0.617     -0.723    
-0.607     -0.722    
-0.598     -0.719    
-0.588     -0.716    
-0.579     -0.712    
-0.571     -0.707    
-0.563     -0.701    
-0.555     -0.694    
-0.549     -0.686    
-0.543     -0.678    
-0.538     -0.670    
-0.534     -0.661    
-0.531     -0.651    
-0.528     -0.641    
-0.527     -0.631    
-0.527     -0.621    
-0.528     -0.611    
-0.530     -0.602    
-0.533     -0.592    
-0.536     -0.583    
-0.541     -0.574    
-0.546     -0.566    
-0.553     -0.558    
-0.560     -0.551    
-0.567     -0.544    
-0.576     -0.539    
-0.584     -0.534    
-0.594     -0.530    
-0.603     -0.527    
-0.613     -0.525    
-0.623     -0.524    
-0.633     -0.524    
-0.643     -0.525    
-0.653     -0.527    
-0.662     -0.529    
-0.672     -0.533    
-0.680     -0.538    
-0.689     -0.543    
-0.697     -0.549    
-0.704     -0.556    
-0.711     -0.564    
-0.716     -0.572    
-0.721     -0.580    
-0.725     -0.589    
-0.729     -0.599    
-0.731     -0.609    
-0.733     -0.619    
-0.733     -0.629    
-0.733     -0.638    
-0.731     -0.648    
-0.729     -0.658    
-0.726     -0.668    
-0.722     -0.677    
-0.717     -0.686    
-0.711     -0.694    
-0.705     -0.701    
-0.698     -0.709    
-0.690     -0.715    
-0.682     -0.721    
-0.673     -0.725    
-0.664     -0.730    
-0.655     -0.733    
-0.645     -0.735    
-0.635     -0.737    
-0.625     -0.737    
-0.615     -0.737    
-0.605     -0.735    
-0.595     -0.733    
-0.586     -0.730    
-0.577     -0.727    
-0.568     -0.722    
-0.559     -0.716    
-0.552     -0.710    
-0.544     -0.703    
-0.538     -0.696    
-0.532     -0.688    
-0.526     -0.680    
-0.522     -0.671    
-0.518     -0.661    
-0.515     -0.652    
-0.513     -0.642    
-0.512     -0.632    
-0.512     -0.622    
-0.512     -0.612    
-0.514     -0.602    
-0.516     -0.592    
-0.519     -0.583    
-0.523     -0.574    
-0.528     -0.565    
-0.533     -0.556    
-0.539     -0.549    
-0.546     -0.541    
-0.553     -0.534    
-0.561     -0.528    
-0.570     -0.523    
-0.579     -0.518    
-0.588     -0.514    
-0.597     -0.511    
-0.607     -0.509    
-0.617     -0.507    
-0.627     -0.507    
-0.637     -0.507    
-0.647     -0.508    
-0.657     -0.510    
-0.666     -0.512    
-0.676     -0.516    
-0.685     -0.520    
-0.694     -0.525    
-0.702     -0.530    
-0.710     -0.536    
-0.717     -0.543    
-0.724     -0.551    
-0.730     -0.559    
-0.735     -0.567    
-0.740     -0.576    
-0.744     -0.585    
-0.747     -0.594    
-0.750     -0.604    
-0.751     -0.614    
-0.752     -0.624    
-0.752     -0.634    
-0.752     -0.644    
-0.750     -0.654    
-0.748     -0.664    
-0.745     -0.673    
-0.741     -0.682    
-0.737     -0.691    
-0.732     -0.700    
-0.726     -0.708    
-0.720     -0.716    
-0.713     -0.723    
-0.705     -0.730    
-0.697     -0.736    
-0.689     -0.741    
-0.680     -0.746    
-0.671     -0.750    
-0.661     -0.753    
-0.652     -0.756    
-0.642     -0.758    
-0.632     -0.759    
-0.622     -0.759    
-0.612     -0.759    
-0.602     -0.758    
-0.592     -0.756    
-0.583     -0.753    
-0.574     -0.750    
-0.564     -0.746    
-0.555     -0.741    
-0.547     -0.736    
-0.539     -0.730    
-0.531     -0.724    
-0.524     -0.717    
-0.517     -0.709    
-0.511     -0.701    
-0.506     -0.693    
-0.501     -0.684    
-0.497     -0.675    
-0.493     -0.665    
-0.491     -0.656    
-0.488     -0.646    
-0.487     -0.636    
-0.486     -0.626    
-0.486     -0.616    
-0.487     -0.606    
-0.488     -0.596    
-0.491     -0.587    
-0.493     -0.577    
-0.497     -0.568    
-0.501     -0.558    
-0.506     -0.550    
-0.511     -0.541    
-0.517     -0.533    
-0.523     -0.525    
-0.530     -0.518    
-0.538     -0.512    
-0.545     -0.505    
-0.554     -0.500    
-0.562     -0.495    
-0.571     -0.490    
-0.580     -0.486    
-0.590     -0.483    
-0.600     -0.481    
-0.609     -0.479    
-0.619     -0.477    
-0.629     -0.477    
-0.639     -0.477    
-0.649     -0.478    
-0.659     -0.479    
-0.669     -0.480    
-0.679     -0.484    
-0.688     -0.487    
-0.697     -0.491    
-0.706     -0.495    
-0.715     -0.500    
-0.723     -0.506    
-0.731     -0.512    
-0.738     -0.519    
-0.746     -0.526    
-0.752     -0.533    
-0.758     -0.541    
-0.764     -0.550    
-0.769     -0.558    
-0.773     -0.567    
-0.777     -0.576    
-0.781     -0.586    
-0.783     -0.595    
-0.785     -0.605    
-0.787     -0.615    
-0.788     -0.625    
-0.788     -0.635    
-0.788     -0.645    
-0.787     -0.655    
-0.786     -0.665    
-0.783     -0.675    
-0.781     -0.684    
-0.777     -0.694    
-0.774     -0.703    
-0.769     -0.712    
-0.764     -0.721    
-0.759     -0.729    
-0.753     -0.737    
-0.747     -0.745    
-0.740     -0.752    
-0.732     -0.759    
-0.725     -0.765    
-0.717     -0.771    
-0.708     -0.777    
-0.700     -0.782    
-0.691     -0.786    
-0.682     -0.790    
-0.672     -0.794    
-0.663     -0.797    
-0.653     -0.799    
-0.643     -0.801    
-0.633     -0.802    
-0.623     -0.803    
-0.613     -0.803    
-0.603     -0.803    
-0.593     -0.802    
-0.584     -0.800    
-0.574     -0.798    
-0.564     -0.796    
-0.555     -0.792    
-0.545     -0.789    
-0.536     -0.785    
-0.527     -0.780    
-0.519     -0.775    
-0.510     -0.769    
-0.502     -0.763    
-0.495     -0.757    
-0.488     -0.750    
-0.481     -0.743    
-0.474     -0.735    
-0.468     -0.727    
-0.462     -0.719    
-0.457     -0.711    
-0.452     -0.702    
-0.448     -0.693    
-0.444     -0.684    
-0.440     -0.674    
-0.438     -0.665    
-0.435     -0.655    
-0.433     -0.645    
-0.432     -0.635    
-0.431     -0.625    
-0.430     -0.615    
-0.431     -0.605    
-0.431     -0.595    
-0.432     -0.585    
-0.434     -0.576    
-0.436     -0.566    
-0.438     -0.556    
-0.441     -0.547    
-0.445     -0.537    
-0.449     -0.528    
-0.453     -0.519    
-0.458     -0.510    
-0.463     -0.502    
-0.469     -0.493    
-0.475     -0.485    
-0.481     -0.478    
-0.488     -0.470    
-0.495     -0.463    
-0.502     -0.456    
-0.510     -0.450    
-0.518     -0.444    
-0.526     -0.438    
-0.535     -0.433    
-0.543     -0.428    
-0.552     -0.424    
-0.561     -0.420    
-0.571     -0.416    
-0.580     -0.413    
-0.590     -0.410    
-0.600     -0.408    
-0.609     -0.406    
-0.619     -0.404    
-0.629     -0.403    
-0.639     -0.403    
-0.649     -0.402    
-0.659     -0.403    
-0.669     -0.403    
-0.679     -0.404    
-0.689     -0.406    
-0.699     -0.408    
-0.708     -0.410    
-0.718     -0.413    
-0.728     -0.416    
-0.737     -0.420    
-0.746     -0.424    
-0.755     -0.428    
-0.764     -0.433    
-0.773     -0.438    
-0.781     -0.443    
-0.789     -0.449    
-0.797     -0.455    
-0.805     -0.461    
-0.812     -0.468    
-0.819     -0.475    
-0.826     -0.482    
-0.833     -0.490    
-0.839     -0.498    
-0.845     -0.506    
-0.851     -0.514    
-0.856     -0.522    
-0.861     -0.531    
-0.866     -0.540    
-0.870     -0.549    
-0.874     -0.558    
-0.878     -0.567    
-0.881     -0.577    
-0.884     -0.586    
-0.887     -0.596    
-0.889     -0.606    
-0.891     -0.616    
-0.892     -0.625    
-0.893     -0.635    
-0.894     -0.645    
-0.895     -0.655    
-0.895     -0.665    
-0.895     -0.675    
-0.894     -0.685    
-0.893     -0.695    
-0.892     -0.705    
-0.890     -0.715    
-0.888     -0.725    
-0.886     -0.735    
-0.883     -0.744    
-0.880     -0.754    
-0.877     -0.763    
-0.873     -0.773    
-0.869     -0.782    
-0.865     -0.791    
-0.861     -0.800    
-0.856     -0.808    
-0.851     -0.817    
-0.845     -0.826    
-0.840     -0.834    
-0.834     -0.842    
-0.828     -0.850    
-0.821     -0.857    
-0.815     -0.865    
-0.808     -0.872    
-0.801     -0.879    
-0.793     -0.886    
-0.786     -0.893    
-0.778     -0.899    
-0.770     -0.905    
-0.762     -0.911    
-0.754     -0.917    
-0.746     -0.922    
-0.737     -0.928    
-0.728     -0.933    
-0.720     -0.937    
-0.711     -0.942    
-0.702     -0.946    
-0.692     -0.950    
-0.683     -0.953    
-0.674     -0.957    
-0.664     -0.960    
-0.655     -0.963    
-0.645     -0.965    
-0.635     -0.968    
-0.625     -0.970    
-0.616     -0.972    
-0.606     -0.973    
-0.596     -0.975    
-0.586     -0.976    
-0.576     -0.977    
-0.566     -0.977    
-0.556     -0.977    
-0.546     -0.977    
-0.536     -0.977    
-0.526     -0.977    
-0.516     -0.976    
-0.506     -0.975    
-0.496     -0.974    
-0.486     -0.973    
-0.476     -0.971    
-0.467     -0.969    
-0.457     -0.967    
-0.447     -0.965    
-0.437     -0.962    
-0.428     -0.959    
-0.418     -0.956    
-0.409     -0.953    
-0.399     -0.950    
-0.390     -0.946    
-0.381     -0.942    
-0.372     -0.938    
-0.363     -0.934    
-0.354     -0.929    
-0.345     -0.925    
-0.336     -0.920    
-0.327     -0.915    
-0.319     -0.910    
-0.310     -0.905    
-0.302     -0.899    
-0.294     -0.893    
-0.286     -0.888    
-0.277     -0.882    
-0.270     -0.875    
-0.262     -0.869    
-0.254     -0.863    
-0.247     -0.856    
-0.239     -0.850    
-0.232     -0.843    
-0.225     -0.836    
-0.218     -0.829    
-0.211     -0.821    
-0.204     -0.814    
-0.197     -0.807    
-0.191     -0.799    
-0.184     -0.791    
-0.178     -0.784    
-0.172     -0.776    
-0.166     -0.768    
-0.160     -0.760    
-0.154     -0.752    
-0.148     -0.743    
-0.143     -0.735    
-0.137     -0.727    
-0.132     -0.718    
-0.127     -0.710    
-0.122     -0.701    
-0.117     -0.692    
-0.112     -0.683    
-0.108     -0.675    
-0.103     -0.666    
-0.099     -0.657    
-0.095     -0.648    
-0.090     -0.638    
-0.086     -0.629    
-0.082     -0.620    
-0.079     -0.611    
-0.075     -0.602    
-0.071     -0.592    
-0.068     -0.583    
-0.065     -0.573    
-0.061     -0.564    
-0.058     -0.555    
-0.055     -0.545    
-0.052     -0.535    
-0.049     -0.526    
-0.047     -0.516    
-0.044     -0.507    
-0.041     -0.497    
-0.039     -0.487    
-0.037     -0.477    
-0.035     -0.468    
-0.032     -0.458    
-0.030     -0.448    
-0.028     -0.438    
-0.027     -0.429    
-0.025     -0.419    
-0.023     -0.409    
-0.021     -0.399    
-0.020     -0.389    
-0.018     -0.379    
-0.017     -0.369    
-0.016     -0.359    
-0.014     -0.349    
-0.013     -0.340    
-0.012     -0.330    
-0.011     -0.320    
-0.010     -0.310    
-0.009     -0.300    
-0.008     -0.290    
-0.007     -0.280    
-0.007     -0.270    
-0.006     -0.260    
-0.005     -0.250    
-0.005     -0.240    
-0.004     -0.230    
-0.004     -0.220    
-0.003     -0.210    
-0.003     -0.200    
-0.002     -0.190    
-0.002     -0.180    
-0.002     -0.170    
-0.001     -0.160    
-0.001     -0.150    
-0.001     -0.140    
-0.001     -0.130    
-0.001     -0.120    
0.000      -0.110    
0.000      -0.100    
0.000      -0.090    
0.000      -0.080    
0.000      -0.070    
0.000      -0.060    
0.000      -0.050    
0.000      -0.040    
0.000      -0.030    
0.000      -0.020    
0.000      -0.010    
0.000      0.000     
0.000      0.010     
0.000      0.020     
0.000      0.030     
0.000      0.040     
0.000      0.050     
0.000      0.060     
0.000      0.070     
0.000      0.080     
0.000      0.090     
0.000      0.100     
0.000      0.110     
0.001      0.120     
0.001      0.130     
0.001      0.140     
0.001      0.150     
0.001      0.160     
0.002      0.170     
0.002      0.180     
0.002      0.190     
0.003      0.200     
0.003      0.210     
0.004      0.220     
0.004      0.230     
0.005      0.240     
0.005      0.250     
0.006      0.260     
0.007      0.270     
0.007      0.280     
0.008      0.290     
0.009      0.300     
0.010      0.310     
0.011      0.320     
0.012      0.330     
0.013      0.340     
0.014      0.349     
0.016      0.359     
0.017      0.369     
0.018      0.379     
0.020      0.389     
0.021      0.399     
0.023      0.409     
0.025      0.419     
0.027      0.429     
0.028      0.438     
0.030      0.448     
0.032      0.458     
0.035      0.468     
0.037      0.477     
0.039      0.487     
0.041      0.497     
0.044      0.507     
0.047      0.516     
0.049      0.526     
0.052      0.535     
0.055      0.545     
0.058      0.555     
0.061      0.564     
0.065      0.573     
0.068      0.583     
0.071      0.592     
0.075      0.602     
0.079      0.611     
0.082      0.620     
0.086      0.629     
0.090      0.638     
0.095      0.648     
0.099      0.657     
0.103      0.666     
0.108      0.675     
0.112      0.683     
0.117      0.692     
0.122      0.701     
0.127      0.710     
0.132      0.718     
0.137      0.727     
0.143      0.735     
0.148      0.743     
0.154      0.752     
0.160      0.760     
0.166      0.768     
0.172      0.776     
0.178      0.784     
0.184      0.791     
0.191      0.799     
0.197      0.807     
0.204      0.814     
0.211      0.821     
0.218      0.829     
0.225      0.836     
0.232      0.843     
0.239      0.850     
0.247      0.856     
0.254      0.863     
0.262      0.869     
0.270      0.875     
0.277      0.882     
0.286      0.888     
0.294      0.893     
0.302      0.899     
0.310      0.905     
0.319      0.910     
0.327      0.915     
0.336      0.920     
0.345      0.925     
0.354      0.929     
0.363      0.934     
0.372      0.938     
0.381      0.942     
0.390      0.946     
0.399      0.950     
0.409      0.953     
0.418      0.956     
0.428      0.959     
0.437      0.962     
0.447      0.965     
0.457      0.967     
0.467      0.969     
0.476      0.971     
0.486      0.973     
0.496      0.974     
0.506      0.975     
0.516      0.976     
0.526      0.977     
0.536      0.977     
0.546      0.977     
0.556      0.977     
0.566      0.977     
0.576      0.977     
0.586      0.976     
0.596      0.975     
0.606      0.973     
0.616      0.972     
0.625      0.970     
0.635      0.968     
0.645      0.965     
0.655      0.963     
0.664      0.960     
0.674      0.957     
0.683      0.953     
0.692      0.950     
0.702      0.946     
0.711      0.942     
0.720      0.937     
0.728      0.933     
0.737      0.928     
0.746      0.922     
0.754      0.917     
0.762      0.911     
0.770      0.905     
0.778      0.899     
0.786      0.893     
0.793      0.886     
0.801      0.879     
0.808      0.872     
0.815      0.865     
0.821      0.857     
0.828      0.850     
0.834      0.842     
0.840      0.834     
0.845      0.826     
0.851      0.817     
0.856      0.808     
0.861      0.800     
0.865      0.791     
0.869      0.782     
0.873      0.773     
0.877      0.763     
0.880      0.754     
0.883      0.744     
0.886      0.735     
0.888      0.725     
0.890      0.715     
0.892      0.705     
0.893      0.695     
0.894      0.685     
0.895      0.675     
0.895      0.665     
0.895      0.655     
0.894      0.645     
0.893      0.635     
0.892      0.625     
0.891      0.616     
0.889      0.606     
0.887      0.596     
0.884      0.586     
0.881      0.577     
0.878      0.567     
0.874      0.558     
0.870      0.549     
0.866      0.540     
0.861      0.531     
0.856      0.522     
0.851      0.514     
0.845      0.506     
0.839      0.498     
0.833      0.490     
0.826      0.482     
0.819      0.475     
0.812      0.468     
0.805      0.461     
0.797      0.455     
0.789      0.449     
0.781      0.443     
0.773      0.438     
0.764      0.433     
0.755      0.428     
0.746      0.424     
0.737      0.420     
0.728      0.416     
0.718      0.413     
0.708      0.410     
0.699      0.408     
0.689      0.406     
0.679      0.404     
0.669      0.403     
0.659      0.403     
0.649      0.402     
0.639      0.403     
0.629      0.403     
0.619      0.404     
0.609      0.406     
0.600      0.408     
0.590      0.410     
0.580      0.413     
0.571      0.416     
0.561      0.420     
0.552      0.424     
0.543      0.428     
0.535      0.433     
0.526      0.438     
0.518      0.444     
0.510      0.450     
0.502      0.456     
0.495      0.463     
0.488      0.470     
0.481      0.478     
0.475      0.485     
0.469      0.493     
0.463      0.502     
0.458      0.510     
0.453      0.519     
0.449      0.528     
0.445      0.537     
0.441      0.547     
0.438      0.556     
0.436      0.566     
0.434      0.576     
0.432      0.585     
0.431      0.595     
0.431      0.605     
0.430      0.615     
0.431      0.625     
0.432      0.635     
0.433      0.645     
0.435      0.655     
0.438      0.665     
0.440      0.674     
0.444      0.684     
0.448      0.693     
0.452      0.702     
0.457      0.711     
0.462      0.719     
0.468      0.727     
0.474      0.735     
0.481      0.743     
0.488      0.750     
0.495      0.757     
0.502      0.763     
0.510      0.769     
0.519      0.775     
0.527      0.780     
0.536      0.785     
0.545      0.789     
0.555      0.792     
0.564      0.796     
0.574      0.798     
0.584      0.800     
0.593      0.802     
0.603      0.803     
0.613      0.803     
0.623      0.803     
0.633      0.802     
0.643      0.801     
0.653      0.799     
0.663      0.797     
0.672      0.794     
0.682      0.790     
0.691      0.786     
0.700      0.782     
0.708      0.777     
0.717      0.771     
0.725      0.765     
0.732      0.759     
0.740      0.752     
0.747      0.745     
0.753      0.737     
0.759      0.729     
0.764      0.721     
0.769      0.712     
0.774      0.703     
0.777      0.694     
0.781      0.684     
0.783      0.675     
0.786      0.665     
0.787      0.655     
0.788      0.645     
0.788      0.635     
0.788      0.625     
0.787      0.615     
0.785      0.605     
0.783      0.595     
0.781      0.586     
0.777      0.576     
0.773      0.567     
0.769      0.558     
0.764      0.550     
0.758      0.541     
0.752      0.533     
0.746      0.526     
0.738      0.519     
0.731      0.512     
0.723      0.506     
0.715      0.500     
0.706      0.495     
0.697      0.491     
0.688      0.487     
0.679      0.484     
0.669      0.480     
0.659      0.479     
0.649      0.478     
0.639      0.477     
0.629      0.477     
0.619      0.477     
0.609      0.479     
0.600      0.481     
0.590      0.483     
0.580      0.486     
0.571      0.490     
0.562      0.495     
0.554      0.500     
0.545      0.505     
0.538      0.512     
0.530      0.518     
0.523      0.525     
0.517      0.533     
0.511      0.541     
0.506      0.550     
0.501      0.558     
0.497      0.568     
0.493      0.577     
0.491      0.587     
0.488      0.596     
0.487      0.606     
0.486      0.616     
0.486      0.626     
0.487      0.636     
0.488      0.646     
0.491      0.656     
0.493      0.665     
0.497      0.675     
0.501      0.684     
0.506      0.693     
0.511      0.701     
0.517      0.709     
0.524      0.717     
0.531      0.724     
0.539      0.730     
0.547      0.736     
0.555      0.741     
0.564      0.746     
0.574      0.750     
0.583      0.753     
0.592      0.756     
0.602      0.758     
0.612      0.759     
0.622      0.759     
0.632      0.759     
0.642      0.758     
0.652      0.756     
0.661      0.753     
0.671      0.750     
0.680      0.746     
0.689      0.741     
0.697      0.736     
0.705      0.730     
0.713      0.723     
0.720      0.716     
0.726      0.708     
0.732      0.700     
0.737      0.691     
0.741      0.682     
0.745      0.673     
0.748      0.664     
0.750      0.654     
0.752      0.644     
0.752      0.634     
0.752      0.624     
0.751      0.614     
0.750      0.604     
0.747      0.594     
0.744      0.585     
0.740      0.576     
0.735      0.567     
0.730      0.559     
0.724      0.551     
0.717      0.543     
0.710      0.536     
0.702      0.530     
0.694      0.525     
0.685      0.520     
0.676      0.516     
0.666      0.512     
0.657      0.510     
0.647      0.508     
0.637      0.507     
0.627      0.507     
0.617      0.507     
0.607      0.509     
0.597      0.511     
0.588      0.514     
0.579      0.518     
0.570      0.523     
0.561      0.528     
0.553      0.534     
0.546      0.541     
0.539      0.549     
0.533      0.556     
0.528      0.565     
0.523      0.574     
0.519      0.583     
0.516      0.592     
0.514      0.602     
0.512      0.612     
0.512      0.622     
0.512      0.632     
0.513      0.642     
0.515      0.652     
0.518      0.661     
0.522      0.671     
0.526      0.680     
0.532      0.688     
0.538      0.696     
0.544      0.703     
0.552      0.710     
0.559      0.716     
0.568      0.722     
0.577      0.727     
0.586      0.730     
0.595      0.733     
0.605      0.735     
0.615      0.737     
0.625      0.737     
0.635      0.737     
0.645      0.735     
0.655      0.733     
0.664      0.730     
0.673      0.725     
0.682      0.721     
0.690      0.715     
0.698      0.709     
0.705      0.701     
0.711      0.694     
0.717      0.686     
0.722      0.677     
0.726      0.668     
0.729      0.658     
0.731      0.648     
0.733      0.638     
0.733      0.629     
0.733      0.619     
0.731      0.609     
0.729      0.599     
0.725      0.589     
0.721      0.580     
0.716      0.572     
0.711      0.564     
0.704      0.556     
0.697      0.549     
0.689      0.543     
0.680      0.538     
0.672      0.533     
0.662      0.529     
0.653      0.527     
0.643      0.525     
0.633      0.524     
0.623      0.524     
0.613      0.525     
0.603      0.527     
0.594      0.530     
0.584      0.534     
0.576      0.539     
0.567      0.544     
0.560      0.551     
0.553      0.558     
0.546      0.566     
0.541      0.574     
0.536      0.583     
0.533      0.592     
0.530      0.602     
0.528      0.611     
0.527      0.621     
0.527      0.631     
0.528      0.641     
0.531      0.651     
0.534      0.661     
0.538      0.670     
0.543      0.678     
0.549      0.686     
0.555      0.694     
0.563      0.701     
0.571      0.707     
0.579      0.712     
0.588      0.716     
0.598      0.719     
0.607      0.722     
0.617      0.723     
0.627      0.723     
0.637      0.722     
0.647      0.721     
0.657      0.718     
0.666      0.714     
0.675      0.709     
0.683      0.704     
0.691      0.697     
0.698      0.690     
0.704      0.682     
0.709      0.674     
0.713      0.665     
0.717      0.655     
0.719      0.646     
0.720      0.636     
0.721      0.626     
0.720      0.616     
0.718      0.606     
0.715      0.596     
0.711      0.587     
0.706      0.578     
0.700      0.570     
0.694      0.563     
0.686      0.556     
0.678      0.550     
0.670      0.545     
0.661      0.541     
0.651      0.538     
0.641      0.536     
0.631      0.535     
0.621      0.535     
0.611      0.537     
0.602      0.539     
0.592      0.543     
0.583      0.547     
0.575      0.552     
0.567      0.559     
0.560      0.566     
0.554      0.574     
0.549      0.582     
0.544      0.591     
0.541      0.601     
0.539      0.610     
0.538      0.620     
0.538      0.630     
0.539      0.640     
0.541      0.650     
0.544      0.659     
0.549      0.668     
0.554      0.677     
0.560      0.685     
0.567      0.692     
0.575      0.698     
0.584      0.703     
0.593      0.707     
0.602      0.711     
0.612      0.713     
0.622      0.714     
0.632      0.713     
0.642      0.712     
0.652      0.710     
0.661      0.706     
0.670      0.701     
0.678      0.696     
0.686      0.689     
0.692      0.682     
0.698      0.674     
0.703      0.665     
0.707      0.656     
0.710      0.646     
0.711      0.636     
0.712      0.626     
0.711      0.616     
0.709      0.607     
0.706      0.597     
0.702      0.588     
0.697      0.580     
0.690      0.572     
0.683      0.565     
0.675      0.558     
0.667      0.553     
0.658      0.549     
0.648      0.546     
0.638      0.544     
0.628      0.544     
0.619      0.544     
0.609      0.546     
0.599      0.549     
0.590      0.553     
0.581      0.558     
0.573      0.564     
0.566      0.571     
0.560      0.579     
0.555      0.587     
0.551      0.596     
0.548      0.606     
0.546      0.616     
0.545      0.626     
0.546      0.636     
0.548      0.645     
0.551      0.655     
0.555      0.664     
0.560      0.673     
0.566      0.680     
0.574      0.687     
0.582      0.693     
0.590      0.698     
0.600      0.702     
0.609      0.705     
0.619      0.706     
0.629      0.706     
0.639      0.705     
0.649      0.703     
0.658      0.699     
0.667      0.695     
0.675      0.689     
0.683      0.682     
0.689      0.675     
0.695      0.666     
0.699      0.658     
0.702      0.648     
0.704      0.638     
0.705      0.628     
0.704      0.618     
0.702      0.608     
0.699      0.599     
0.695      0.590     
0.690      0.582     
0.683      0.574     
0.676      0.567     
0.668      0.561     
0.659      0.557     
0.650      0.553     
0.640      0.551     
0.630      0.550     
0.620      0.550     
0.610      0.552     
0.601      0.555     
0.591      0.559     
0.583      0.564     
0.575      0.571     
0.568      0.578     
0.563      0.586     
0.558      0.595     
0.554      0.604     
0.552      0.614     
0.551      0.624     
0.552      0.634     
0.553      0.644     
0.556      0.653     
0.561      0.662     
0.566      0.671     
0.573      0.678     
0.580      0.685     
0.588      0.691     
0.597      0.695     
0.607      0.698     
0.617      0.700     
0.627      0.701     
0.637      0.700     
0.646      0.698     
0.656      0.694     
0.665      0.690     
0.673      0.684     
0.680      0.677     
0.686      0.669     
0.691      0.661     
0.695      0.651     
0.698      0.642     
0.699      0.632     
0.699      0.622     
0.698      0.612     
0.695      0.603     
0.691      0.593     
0.686      0.585     
0.679      0.577     
0.672      0.571     
0.664      0.565     
0.655      0.560     
0.645      0.557     
0.636      0.555     
0.626      0.555     
0.616      0.556     
0.606      0.558     
0.597      0.562     
0.588      0.567     
0.580      0.573     
0.573      0.580     
0.567      0.588     
0.562      0.597     
0.559      0.606     
0.557      0.616     
0.556      0.626     
0.557      0.636     
0.558      0.646     
0.563      0.655     
0.567      0.664     
0.573      0.672     
0.580      0.679     
0.588      0.685     
0.597      0.690     
0.607      0.693     
0.616      0.695     
0.626      0.696     
0.636      0.695     
0.646      0.693     
0.655      0.690     
0.664      0.685     
0.672      0.679     
0.679      0.671     
0.685      0.663     
0.689      0.655     
0.693      0.645     
0.695      0.635     
0.695      0.625     
0.694      0.615     
0.692      0.606     
0.688      0.596     
0.683      0.588     
0.676      0.580     
0.669      0.574     
0.660      0.568     
0.651      0.564     
0.642      0.561     
0.632      0.559     
0.622      0.559     
0.612      0.561     
0.603      0.564     
0.594      0.568     
0.585      0.574     
0.578      0.581     
0.572      0.589     
0.567      0.597     
0.563      0.606     
0.561      0.616     
0.560      0.626     
0.561      0.636     
0.563      0.646     
0.567      0.655     
0.572      0.664     
0.578      0.672     
0.586      0.678     
0.594      0.684     
0.603      0.688     
0.613      0.691     
0.622      0.692     
0.632      0.692     
0.642      0.690     
0.652      0.687     
0.661      0.682     
0.669      0.676     
0.676      0.669     
0.682      0.661     
0.686      0.652     
0.689      0.643     
0.691      0.633     
0.691      0.623     
0.690      0.613     
0.687      0.604     
0.683      0.595     
0.677      0.586     
0.670      0.579     
0.662      0.573     
0.653      0.568     
0.644      0.565     
0.634      0.563     
0.624      0.563     
0.614      0.564     
0.605      0.567     
0.596      0.571     
0.587      0.577     
0.580      0.584     
0.574      0.592     
0.569      0.600     
0.566      0.610     
0.564      0.620     
0.564      0.629     
0.565      0.639     
0.568      0.649     
0.572      0.658     
0.578      0.666     
0.585      0.673     
0.593      0.679     
0.602      0.684     
0.611      0.687     
0.621      0.689     
0.631      0.689     
0.641      0.687     
0.650      0.684     
0.659      0.679     
0.667      0.673     
0.674      0.666     
0.680      0.658     
0.684      0.649     
0.687      0.639     
0.688      0.630     
0.688      0.620     
0.686      0.610     
0.682      0.600     
0.677      0.592     
0.671      0.584     
0.663      0.578     
0.655      0.572     
0.645      0.569     
0.636      0.566     
0.626      0.566     
0.616      0.567     
0.606      0.570     
0.597      0.574     
0.589      0.579     
0.582      0.586     
0.576      0.594     
0.571      0.603     
0.568      0.613     
0.567      0.623     
0.567      0.633     
0.569      0.642     
0.572      0.652     
0.577      0.660     
0.584      0.668     
0.591      0.675     
0.600      0.680     
0.609      0.684     
0.619      0.686     
0.629      0.686     
0.639      0.685     
0.648      0.682     
0.657      0.677     
0.665      0.672     
0.672      0.664     
0.678      0.656     
0.682      0.647     
0.685      0.637     
0.685      0.627     
0.685      0.617     
0.682      0.608     
0.678      0.599     
0.673      0.590     
0.666      0.583     
0.658      0.577     
0.649      0.573     
0.639      0.570     
0.629      0.569     
0.619      0.569     
0.610      0.571     
0.600      0.575     
0.592      0.580     
0.585      0.587     
0.578      0.595     
0.574      0.604     
0.571      0.613     
0.569      0.623     
0.569      0.633     
0.571      0.643     
0.575      0.652     
0.580      0.661     
0.587      0.668     
0.595      0.674     
0.604      0.679     
0.613      0.682     
0.623      0.684     
0.633      0.683     
0.643      0.681     
0.652      0.677     
0.661      0.672     
0.668      0.665     
0.674      0.658     
0.679      0.649     
0.682      0.639     
0.683      0.629     
0.683      0.619     
0.680      0.610     
0.676      0.600     
0.671      0.592     
0.664      0.585     
0.656      0.579     
0.647      0.574     
0.637      0.572     
0.627      0.571     
0.618      0.572     
0.608      0.574     
0.599      0.578     
0.591      0.584     
0.584      0.591     
0.578      0.600     
0.574      0.609     
0.572      0.619     
0.571      0.629     
0.573      0.638     
0.576      0.648     
0.580      0.657     
0.587      0.665     
0.594      0.671     
0.603      0.676     
0.612      0.680     
0.622      0.681     
0.632      0.681     
0.642      0.679     
0.651      0.676     
0.660      0.670     
0.667      0.663     
0.673      0.655     
0.677      0.646     
0.680      0.637     
0.681      0.627     
0.680      0.617     
0.677      0.607     
0.673      0.598     
0.667      0.590     
0.659      0.584     
0.651      0.578     
0.642      0.575     
0.632      0.573     
0.622      0.573     
0.612      0.575     
0.603      0.579     
0.594      0.584     
0.587      0.591     
0.581      0.599     
0.577      0.608     
0.574      0.618     
0.573      0.627     
0.574      0.637     
0.577      0.647     
0.582      0.656     
0.588      0.663     
0.596      0.670     
0.605      0.675     
0.614      0.678     
0.624      0.679     
0.634      0.679     
0.644      0.677     
0.653      0.672     
0.661      0.667     
0.668      0.659     
0.673      0.651     
0.677      0.642     
0.679      0.632     
0.679      0.622     
0.677      0.612     
0.673      0.603     
0.668      0.594     
0.661      0.587     
0.653      0.582     
0.644      0.577     
0.634      0.575     
0.624      0.575     
0.614      0.576     
0.605      0.580     
0.596      0.585     
0.589      0.592     
0.583      0.600     
0.578      0.609     
0.576      0.618     
0.575      0.628     
0.577      0.638     
0.580      0.648     
0.585      0.656     
0.591      0.664     
0.599      0.670     
0.608      0.674     
0.618      0.677     
0.628      0.678     
0.638      0.676     
0.647      0.673     
0.656      0.668     
0.663      0.662     
0.669      0.654     
0.674      0.645     
0.677      0.635     
0.677      0.626     
0.676      0.616     
0.673      0.606     
0.668      0.597     
0.661      0.590     
0.653      0.584     
0.644      0.580     
0.635      0.577     
0.625      0.576     
0.615      0.578     
0.605      0.581     
0.597      0.586     
0.590      0.593     
0.584      0.601     
