0 0
0.0275 0.0276896
0.055 0.0552236
0.0825 0.082602
0.11 0.109825
0.1375 0.136892
0.165 0.163803
0.1925 0.190559
0.22 0.217159
0.2475 0.243604
0.275 0.26989
0.3025 0.296006
0.33 0.321933
0.3575 0.347655
0.385 0.373155
0.4125 0.398415
0.44 0.423419
0.4675 0.448149
0.495 0.472589
0.5225 0.49672
0.55 0.520517
0.5775 0.543954
0.605 0.567002
0.6325 0.589634
0.66 0.611823
0.6875 0.63354
0.715 0.654759
0.7425 0.675452
0.77 0.695591
0.7975 0.715164
0.825 0.73416
0.8525 0.752573
0.88 0.770392
0.9075 0.78761
0.935 0.804218
0.9625 0.820208
0.99 0.835571
1.0175 0.850298
1.045 0.864381
1.0725 0.877808
1.1 0.89057
1.1275 0.902655
1.155 0.914053
1.1825 0.924755
1.21 0.934748
1.2375 0.944024
1.265 0.952572
1.2925 0.960387
1.32 0.967473
1.3475 0.973832
1.375 0.979466
1.4025 0.984377
1.43 0.988568
1.4575 0.99204
1.485 0.994797
1.5125 0.99684
1.54 0.998168
1.5675 0.998774
1.595 0.998651
1.6225 0.997792
1.65 0.99619
1.6775 0.99384
1.705 0.990733
1.7325 0.986863
1.76 0.982223
1.7875 0.976811
1.815 0.970625
1.8425 0.963667
1.87 0.955939
1.8975 0.947441
1.925 0.938174
1.9525 0.928139
1.98 0.917337
2.0075 0.905769
2.035 0.893442
2.0625 0.880374
2.09 0.866584
2.1175 0.85209
2.145 0.836912
2.1725 0.821068
2.2 0.804578
2.2275 0.78746
2.255 0.769732
2.2825 0.751418
2.31 0.732542
2.3375 0.713132
2.365 0.693215
2.3925 0.672818
2.42 0.65197
2.4475 0.630696
2.475 0.609024
2.5025 0.586982
2.53 0.56459
2.5575 0.541852
2.585 0.518768
2.6125 0.495338
2.64 0.471563
2.6675 0.447441
2.695 0.422973
2.7225 0.39816
2.75 0.373
