-10.000    2585.000  
-9.900     2560.000  
-9.800     2535.000  
-9.700     2511.000  
-9.600     2486.000  
-9.500     2461.000  
-9.400     2436.000  
-9.300     2410.000  
-9.200     2387.000  
-9.100     2362.000  
-9.000     2337.000  
-8.900     2312.000  
-8.800     2287.000  
-8.700     2262.000  
-8.600     2237.000  
-8.500     2212.000  
-8.400     2187.000  
-8.300     2162.000  
-8.200     2137.000  
-8.100     2112.000  
-8.000     2087.000  
-7.900     2062.000  
-7.800     2037.000  
-7.700     2012.000  
-7.600     1987.000  
-7.500     1962.000  
-7.400     1936.000  
-7.300     1911.000  
-7.200     1886.000  
-7.100     1861.000  
-7.000     1836.000  
-6.900     1811.000  
-6.800     1786.000  
-6.700     1761.000  
-6.600     1736.000  
-6.500     1711.000  
-6.400     1686.000  
-6.300     1661.000  
-6.200     1636.000  
-6.100     1610.000  
-6.000     1584.000  
-5.900     1560.000  
-5.800     1534.000  
-5.700     1509.000  
-5.600     1484.000  
-5.500     1459.000  
-5.400     1433.000  
-5.300     1408.000  
-5.200     1383.000  
-5.100     1357.000  
-5.000     1332.000  
-4.900     1307.000  
-4.800     1281.000  
-4.700     1256.000  
-4.600     1230.000  
-4.500     1205.000  
-4.400     1180.000  
-4.300     1154.000  
-4.200     1129.000  
-4.100     1103.000  
-4.000     1077.000  
-3.900     1051.000  
-3.800     1024.000  
-3.700     998.000   
-3.600     972.000   
-3.500     946.000   
-3.400     921.000   
-3.300     895.000   
-3.200     869.000   
-3.100     842.000   
-3.000     816.000   
-2.900     789.000   
-2.800     762.000   
-2.700     735.000   
-2.600     708.000   
-2.500     681.000   
-2.400     654.000   
-2.300     626.000   
-2.200     597.000   
-2.100     569.000   
-2.000     540.000   
-1.900     511.000   
-1.800     481.000   
-1.700     450.000   
-1.600     419.000   
-1.500     386.000   
-1.400     350.000   
-1.300     313.000   
-1.200     271.000   
-1.100     219.000   
-1.000     24.000    
-0.900     223.000   
-0.800     285.000   
-0.700     341.000   
-0.600     401.000   
-0.500     465.000   
-0.400     540.000   
-0.300     629.000   
-0.200     740.000   
-0.100     883.000   
0.000      1078.000  
0.100      1000000.000
0.200      1000000.000
0.300      1000000.000
0.400      1000000.000
0.500      1000000.000
0.600      1000000.000
0.700      1000000.000
0.800      1832.000  
0.900      1359.000  
1.000      1073.000  
1.100      878.000   
1.200      736.000   
1.300      626.000   
1.400      538.000   
1.500      464.000   
1.600      398.000   
1.700      340.000   
1.800      283.000   
1.900      222.000   
2.000      24.000    
2.100      218.000   
2.200      270.000   
2.300      311.000   
2.400      349.000   
2.500      383.000   
2.600      417.000   
2.700      448.000   
2.800      479.000   
2.900      508.000   
3.000      537.000   
3.100      566.000   
3.200      594.000   
3.300      622.000   
3.400      650.000   
3.500      679.000   
3.600      738.000   
3.700      804.000   
3.800      880.000   
3.900      969.000   
4.000      1075.000  
4.100      1204.000  
4.200      1363.000  
4.300      1566.000  
4.400      1836.000  
4.500      2211.000  
4.600      1000000.000
4.700      1000000.000
4.800      1000000.000
4.900      1000000.000
5.000      1000000.000
5.100      1000000.000
5.200      1000000.000
5.300      1000000.000
5.400      1000000.000
5.500      1000000.000
5.600      1000000.000
5.700      1000000.000
5.800      1000000.000
5.900      1000000.000
6.000      1000000.000
6.100      968.000   
6.200      879.000   
6.300      803.000   
6.400      737.000   
6.500      679.000   
6.600      627.000   
6.700      581.000   
6.800      539.000   
6.900      500.000   
7.000      464.000   
7.100      431.000   
7.200      399.000   
7.300      370.000   
7.400      341.000   
7.500      312.000   
7.600      284.000   
7.700      254.000   
7.800      223.000   
7.900      184.000   
8.000      24.000    
8.100      183.000   
8.200      218.000   
8.300      246.000   
8.400      270.000   
8.500      292.000   
8.600      312.000   
8.700      331.000   
8.800      350.000   
8.900      367.000   
9.000      384.000   
9.100      401.000   
9.200      417.000   
9.300      433.000   
9.400      449.000   
9.500      464.000   
9.600      479.000   
9.700      494.000   
9.800      509.000   
9.900      524.000   
10.000     539.000   



-10.000    20.000    
-9.900     20.000    
-9.800     20.000    
-9.700     20.000    
-9.600     20.000    
-9.500     20.000    
-9.400     20.000    
-9.300     20.000    
-9.200     20.000    
-9.100     20.000    
-9.000     20.000    
-8.900     20.000    
-8.800     20.000    
-8.700     20.000    
-8.600     20.000    
-8.500     20.000    
-8.400     20.000    
-8.300     20.000    
-8.200     20.000    
-8.100     20.000    
-8.000     20.000    
-7.900     20.000    
-7.800     20.000    
-7.700     20.000    
-7.600     20.000    
-7.500     20.000    
-7.400     20.000    
-7.300     20.000    
-7.200     20.000    
-7.100     20.000    
-7.000     20.000    
-6.900     20.000    
-6.800     20.000    
-6.700     20.000    
-6.600     20.000    
-6.500     20.000    
-6.400     20.000    
-6.300     20.000    
-6.200     20.000    
-6.100     20.000    
-6.000     20.000    
-5.900     20.000    
-5.800     20.000    
-5.700     20.000    
-5.600     20.000    
-5.500     20.000    
-5.400     20.000    
-5.300     20.000    
-5.200     20.000    
-5.100     20.000    
-5.000     20.000    
-4.900     20.000    
-4.800     20.000    
-4.700     20.000    
-4.600     20.000    
-4.500     20.000    
-4.400     20.000    
-4.300     20.000    
-4.200     20.000    
-4.100     20.000    
-4.000     20.000    
-3.900     20.000    
-3.800     20.000    
-3.700     20.000    
-3.600     20.000    
-3.500     20.000    
-3.400     20.000    
-3.300     20.000    
-3.200     20.000    
-3.100     20.000    
-3.000     20.000    
-2.900     21.000    
-2.800     21.000    
-2.700     21.000    
-2.600     21.000    
-2.500     21.000    
-2.400     21.000    
-2.300     22.000    
-2.200     22.000    
-2.100     23.000    
-2.000     2.000     
-1.900     23.000    
-1.800     21.000    
-1.700     21.000    
-1.600     20.000    
-1.500     19.000    
-1.400     19.000    
-1.300     18.000    
-1.200     17.000    
-1.100     16.000    
-1.000     2.000     
-0.900     16.000    
-0.800     17.000    
-0.700     17.000    
-0.600     18.000    
-0.500     18.000    
-0.400     18.000    
-0.300     18.000    
-0.200     18.000    
-0.100     18.000    
0.000      18.000    
0.100      18.000    
0.200      19.000    
0.300      19.000    
0.400      19.000    
0.500      19.000    
0.600      19.000    
0.700      19.000    
0.800      19.000    
0.900      19.000    
1.000      19.000    
1.100      19.000    
1.200      19.000    
1.300      19.000    
1.400      19.000    
1.500      19.000    
1.600      19.000    
1.700      19.000    
1.800      19.000    
1.900      19.000    
2.000      19.000    
2.100      19.000    
2.200      19.000    
2.300      19.000    
2.400      19.000    
2.500      19.000    
2.600      19.000    
2.700      19.000    
2.800      19.000    
2.900      19.000    
3.000      19.000    
3.100      19.000    
3.200      19.000    
3.300      19.000    
3.400      19.000    
3.500      19.000    
3.600      19.000    
3.700      19.000    
3.800      19.000    
3.900      19.000    
4.000      19.000    
4.100      19.000    
4.200      19.000    
4.300      19.000    
4.400      19.000    
4.500      19.000    
4.600      19.000    
4.700      19.000    
4.800      19.000    
4.900      19.000    
5.000      19.000    
5.100      19.000    
5.200      19.000    
5.300      19.000    
5.400      19.000    
5.500      19.000    
5.600      19.000    
5.700      19.000    
5.800      19.000    
5.900      19.000    
6.000      19.000    
6.100      19.000    
6.200      19.000    
6.300      19.000    
6.400      19.000    
6.500      19.000    
6.600      19.000    
6.700      19.000    
6.800      19.000    
6.900      19.000    
7.000      19.000    
7.100      19.000    
7.200      19.000    
7.300      19.000    
7.400      19.000    
7.500      19.000    
7.600      19.000    
7.700      19.000    
7.800      19.000    
7.900      19.000    
8.000      19.000    
8.100      19.000    
8.200      19.000    
8.300      19.000    
8.400      19.000    
8.500      19.000    
8.600      19.000    
8.700      19.000    
8.800      19.000    
8.900      19.000    
9.000      19.000    
9.100      19.000    
9.200      19.000    
9.300      19.000    
9.400      19.000    
9.500      19.000    
9.600      19.000    
9.700      19.000    
9.800      19.000    
9.900      19.000    
10.000     19.000    
