# n        1row     n^2     
10       0.000    0.320   
30       0.000    2.880   
50       0.000    8.000   
70       2.000    15.680  
90       8.000    25.920  
110      12.000   38.720  
130      27.000   54.080  
150      153.000  72.000  
170      57.000   92.480  
190      43.000   115.520 
210      78.000   141.120 
230      44.000   169.280 
250      106.000  200.000 
270      162.000  233.280 
290      441.000  269.120 
310      251.000  307.520 
330      764.000  348.480 
350      132.000  392.000 
370      168.000  438.080 
390      1926.000 486.720 
410      566.000  537.920 
430      448.000  591.680 
450      228.000  648.000 
470      446.000  706.880 
490      641.000  768.320 
510      638.000  832.320 
530      804.000  898.880 
550      613.000  968.000 
570      1302.000 1039.680
590      647.000  1113.920
610      1544.000 1190.720
630      1385.000 1270.080
650      1207.000 1352.000
670      2046.000 1436.480
690      1861.000 1523.520
710      2115.000 1613.120
730      4127.000 1705.280
750      1540.000 1800.000
770      975.000  1897.280
790      1798.000 1997.120


# n      cyclic   n^3     
10       0.000    0.046   
20       0.000    0.370   
30       1.000    1.250   
40       3.000    2.963   
50       6.000    5.787   
60       12.000   10.000  
70       16.000   15.880  
80       28.000   23.704  
90       38.000   33.750  
100      52.000   46.296  
110      69.000   61.620  
120      89.000   80.000  
130      114.000  101.713 
140      139.000  127.037 
150      173.000  156.250 
160      205.000  189.630 
170      251.000  227.454 
180      295.000  270.000 
190      394.000  317.546 
200      410.000  370.370 
210      521.000  428.750 
220      605.000  492.963 
230      710.000  563.287 
240      800.000  640.000 
250      904.000  723.380 
260      995.000  813.704 
270      1110.000 911.250 
280      1289.000 1016.296
290      1398.000 1129.120


# n      cyclic   n^3     
10       0.000    2.222   
20       2.000    17.778  
30       14.000   60.000  
40       38.000   142.222 
50       78.000   277.778 
60       180.000  480.000 
70       382.000  762.222 
80       530.000  1137.778
90       662.000  1620.000
100      1162.000 2222.222
110      1830.000 2957.778
120      2262.000 3840.000
130      3347.000 4882.222
140      5143.000 6097.778


# n      cyclic   n^3     
10       0.000    0.046   
20       0.000    0.370   
30       1.000    1.250   
40       2.000    2.963   
50       5.000    5.787   
60       9.000    10.000  
70       14.000   15.880  
80       21.000   23.704  
90       30.000   33.750  
100      41.000   46.296  
110      55.000   61.620  
120      70.000   80.000  
130      88.000   101.713 
140      109.000  127.037 
150      134.000  156.250 
160      161.000  189.630 
170      197.000  227.454 
180      237.000  270.000 
190      268.000  317.546 
200      333.000  370.370 
210      376.000  428.750 
220      427.000  492.963 
230      493.000  563.287 
240      551.000  640.000 
250      643.000  723.380 
260      710.000  813.704 
270      801.000  911.250 
280      874.000  1016.296
290      985.000  1129.120
