# x        y          integral    different sin(x)     integral   different  exactint   exactdiff 
0.000      0.000      0.000      2.000      0.000      0.000      0.992      0.000      1.000     
0.250      0.500      0.063      2.000      0.246      0.031      0.964      0.031      0.969     
0.500      1.000      0.250      2.000      0.477      0.122      0.879      0.122      0.878     
0.750      1.500      0.563      2.000      0.681      0.267      0.738      0.268      0.732     
1.000      2.000      1.000      2.000      0.841      0.458      0.540      0.460      0.540     
1.250      2.500      1.563      2.000      0.948      0.683      0.311      0.685      0.315     
1.500      3.000      2.250      2.000      0.996      0.928      0.073      0.929      0.071     
1.750      3.500      3.063      2.000      0.984      1.176      -0.172     1.178      -0.178    
2.000      4.000      4.000      2.000      0.909      1.414      -0.425     1.416      -0.416    
2.250      4.500      5.063      2.000      0.773      1.626      -0.650     1.628      -0.628    
2.500      5.000      6.250      2.000      0.589      1.797      -0.811     1.801      -0.801    
2.750      5.500      7.563      2.000      0.373      1.918      -0.907     1.924      -0.924    
