# Comparison with analytical values:
# k   calc     exact   
# 0 : 9.869    9.870   
# 1 : 39.465   39.478  
# 2 : 88.761   88.826  
# 3 : 157.706  157.914 
# 4 : 246.233  246.740 
# 5 : 354.255  355.306 
# 6 : 481.665  483.611 
# 7 : 628.337  631.655 
# 8 : 794.126  799.438 
# 9 : 978.870  986.960 
# 10: 1182.385 1194.222
# 15: 2473.866 2526.619
# 20: 4196.900 4352.496
# 25: 6309.058 6671.853
# 30: 8758.332 9484.690
# 35: 11484.414 12791.007
# 40: 14420.178 16590.805
# 45: 17493.335 20884.083
# 50: 20628.215 25670.841
# 55: 23747.626 30951.079
# It appears that an arbitrary precision can be achieved by increasing n.

# x      y       
0        0       
0.010    0.031   
0.020    0.063   
0.030    0.094   
0.040    0.125   
0.050    0.156   
0.060    0.187   
0.070    0.218   
0.080    0.249   
0.090    0.279   
0.100    0.309   
0.110    0.339   
0.120    0.368   
0.130    0.397   
0.140    0.426   
0.150    0.454   
0.160    0.482   
0.170    0.509   
0.180    0.536   
0.190    0.562   
0.200    0.588   
0.210    0.613   
0.220    0.637   
0.230    0.661   
0.240    0.685   
0.250    0.707   
0.260    0.729   
0.270    0.750   
0.280    0.771   
0.290    0.790   
0.300    0.809   
0.310    0.827   
0.320    0.844   
0.330    0.861   
0.340    0.876   
0.350    0.891   
0.360    0.905   
0.370    0.918   
0.380    0.930   
0.390    0.941   
0.400    0.951   
0.410    0.960   
0.420    0.969   
0.430    0.976   
0.440    0.982   
0.450    0.988   
0.460    0.992   
0.470    0.996   
0.480    0.998   
0.490    1.000   
0.500    1.000   
0.510    1.000   
0.520    0.998   
0.530    0.996   
0.540    0.992   
0.550    0.988   
0.560    0.982   
0.570    0.976   
0.580    0.969   
0.590    0.960   
0.600    0.951   
0.610    0.941   
0.620    0.930   
0.630    0.918   
0.640    0.905   
0.650    0.891   
0.660    0.876   
0.670    0.861   
0.680    0.844   
0.690    0.827   
0.700    0.809   
0.710    0.790   
0.720    0.771   
0.730    0.750   
0.740    0.729   
0.750    0.707   
0.760    0.685   
0.770    0.661   
0.780    0.637   
0.790    0.613   
0.800    0.588   
0.810    0.562   
0.820    0.536   
0.830    0.509   
0.840    0.482   
0.850    0.454   
0.860    0.426   
0.870    0.397   
0.880    0.368   
0.890    0.339   
0.900    0.309   
0.910    0.279   
0.920    0.249   
0.930    0.218   
0.940    0.187   
0.950    0.156   
0.960    0.125   
0.970    0.094   
0.980    0.063   
0.990    0.031   
1        0       

0        0       
0.010    0.063   
0.020    0.125   
0.030    0.187   
0.040    0.249   
0.050    0.309   
0.060    0.368   
0.070    0.426   
0.080    0.482   
0.090    0.536   
0.100    0.588   
0.110    0.637   
0.120    0.685   
0.130    0.729   
0.140    0.771   
0.150    0.809   
0.160    0.844   
0.170    0.876   
0.180    0.905   
0.190    0.930   
0.200    0.951   
0.210    0.969   
0.220    0.982   
0.230    0.992   
0.240    0.998   
0.250    1.000   
0.260    0.998   
0.270    0.992   
0.280    0.982   
0.290    0.969   
0.300    0.951   
0.310    0.930   
0.320    0.905   
0.330    0.876   
0.340    0.844   
0.350    0.809   
0.360    0.771   
0.370    0.729   
0.380    0.685   
0.390    0.637   
0.400    0.588   
0.410    0.536   
0.420    0.482   
0.430    0.426   
0.440    0.368   
0.450    0.309   
0.460    0.249   
0.470    0.187   
0.480    0.125   
0.490    0.063   
0.500    0.000   
0.510    -0.063  
0.520    -0.125  
0.530    -0.187  
0.540    -0.249  
0.550    -0.309  
0.560    -0.368  
0.570    -0.426  
0.580    -0.482  
0.590    -0.536  
0.600    -0.588  
0.610    -0.637  
0.620    -0.685  
0.630    -0.729  
0.640    -0.771  
0.650    -0.809  
0.660    -0.844  
0.670    -0.876  
0.680    -0.905  
0.690    -0.930  
0.700    -0.951  
0.710    -0.969  
0.720    -0.982  
0.730    -0.992  
0.740    -0.998  
0.750    -1.000  
0.760    -0.998  
0.770    -0.992  
0.780    -0.982  
0.790    -0.969  
0.800    -0.951  
0.810    -0.930  
0.820    -0.905  
0.830    -0.876  
0.840    -0.844  
0.850    -0.809  
0.860    -0.771  
0.870    -0.729  
0.880    -0.685  
0.890    -0.637  
0.900    -0.588  
0.910    -0.536  
0.920    -0.482  
0.930    -0.426  
0.940    -0.368  
0.950    -0.309  
0.960    -0.249  
0.970    -0.187  
0.980    -0.125  
0.990    -0.063  
1        0       

0        0       
0.010    0.094   
0.020    0.187   
0.030    0.279   
0.040    0.368   
0.050    0.454   
0.060    0.536   
0.070    0.613   
0.080    0.685   
0.090    0.750   
0.100    0.809   
0.110    0.861   
0.120    0.905   
0.130    0.941   
0.140    0.969   
0.150    0.988   
0.160    0.998   
0.170    1.000   
0.180    0.992   
0.190    0.976   
0.200    0.951   
0.210    0.918   
0.220    0.876   
0.230    0.827   
0.240    0.771   
0.250    0.707   
0.260    0.637   
0.270    0.562   
0.280    0.482   
0.290    0.397   
0.300    0.309   
0.310    0.218   
0.320    0.125   
0.330    0.031   
0.340    -0.063  
0.350    -0.156  
0.360    -0.249  
0.370    -0.339  
0.380    -0.426  
0.390    -0.509  
0.400    -0.588  
0.410    -0.661  
0.420    -0.729  
0.430    -0.790  
0.440    -0.844  
0.450    -0.891  
0.460    -0.930  
0.470    -0.960  
0.480    -0.982  
0.490    -0.996  
0.500    -1.000  
0.510    -0.996  
0.520    -0.982  
0.530    -0.960  
0.540    -0.930  
0.550    -0.891  
0.560    -0.844  
0.570    -0.790  
0.580    -0.729  
0.590    -0.661  
0.600    -0.588  
0.610    -0.509  
0.620    -0.426  
0.630    -0.339  
0.640    -0.249  
0.650    -0.156  
0.660    -0.063  
0.670    0.031   
0.680    0.125   
0.690    0.218   
0.700    0.309   
0.710    0.397   
0.720    0.482   
0.730    0.562   
0.740    0.637   
0.750    0.707   
0.760    0.771   
0.770    0.827   
0.780    0.876   
0.790    0.918   
0.800    0.951   
0.810    0.976   
0.820    0.992   
0.830    1.000   
0.840    0.998   
0.850    0.988   
0.860    0.969   
0.870    0.941   
0.880    0.905   
0.890    0.861   
0.900    0.809   
0.910    0.750   
0.920    0.685   
0.930    0.613   
0.940    0.536   
0.950    0.454   
0.960    0.368   
0.970    0.279   
0.980    0.187   
0.990    0.094   
1        0       

0        0       
0.010    0.125   
0.020    0.249   
0.030    0.368   
0.040    0.482   
0.050    0.588   
0.060    0.685   
0.070    0.771   
0.080    0.844   
0.090    0.905   
0.100    0.951   
0.110    0.982   
0.120    0.998   
0.130    0.998   
0.140    0.982   
0.150    0.951   
0.160    0.905   
0.170    0.844   
0.180    0.771   
0.190    0.685   
0.200    0.588   
0.210    0.482   
0.220    0.368   
0.230    0.249   
0.240    0.125   
0.250    0.000   
0.260    -0.125  
0.270    -0.249  
0.280    -0.368  
0.290    -0.482  
0.300    -0.588  
0.310    -0.685  
0.320    -0.771  
0.330    -0.844  
0.340    -0.905  
0.350    -0.951  
0.360    -0.982  
0.370    -0.998  
0.380    -0.998  
0.390    -0.982  
0.400    -0.951  
0.410    -0.905  
0.420    -0.844  
0.430    -0.771  
0.440    -0.685  
0.450    -0.588  
0.460    -0.482  
0.470    -0.368  
0.480    -0.249  
0.490    -0.125  
0.500    0.000   
0.510    0.125   
0.520    0.249   
0.530    0.368   
0.540    0.482   
0.550    0.588   
0.560    0.685   
0.570    0.771   
0.580    0.844   
0.590    0.905   
0.600    0.951   
0.610    0.982   
0.620    0.998   
0.630    0.998   
0.640    0.982   
0.650    0.951   
0.660    0.905   
0.670    0.844   
0.680    0.771   
0.690    0.685   
0.700    0.588   
0.710    0.482   
0.720    0.368   
0.730    0.249   
0.740    0.125   
0.750    0.000   
0.760    -0.125  
0.770    -0.249  
0.780    -0.368  
0.790    -0.482  
0.800    -0.588  
0.810    -0.685  
0.820    -0.771  
0.830    -0.844  
0.840    -0.905  
0.850    -0.951  
0.860    -0.982  
0.870    -0.998  
0.880    -0.998  
0.890    -0.982  
0.900    -0.951  
0.910    -0.905  
0.920    -0.844  
0.930    -0.771  
0.940    -0.685  
0.950    -0.588  
0.960    -0.482  
0.970    -0.368  
0.980    -0.249  
0.990    -0.125  
1        0       

