# phi      u         
-30.000    1.000     
-29.927    0.964     
-29.856    0.928     
-29.787    0.894     
-29.717    0.860     
-29.647    0.827     
-29.577    0.795     
-29.506    0.763     
-29.435    0.732     
-29.362    0.702     
-29.289    0.674     
-29.214    0.646     
-29.137    0.620     
-29.059    0.596     
-28.981    0.574     
-28.904    0.555     
-28.829    0.540     
-28.756    0.526     
-28.683    0.516     
-28.612    0.508     
-28.541    0.503     
-28.470    0.500     
-28.400    0.500     
-28.331    0.502     
-28.261    0.507     
-28.191    0.514     
-28.121    0.524     
-28.051    0.535     
-27.980    0.550     
-27.909    0.566     
-27.837    0.585     
-27.763    0.607     
-27.689    0.631     
-27.613    0.657     
-27.535    0.687     
-27.457    0.718     
-27.379    0.751     
-27.303    0.785     
-27.228    0.819     
-27.154    0.854     
-27.082    0.889     
-27.010    0.924     
-26.939    0.960     
-26.869    0.995     
-26.798    1.030     
-26.728    1.065     
-26.656    1.100     
-26.584    1.136     
-26.510    1.171     
-26.435    1.205     
-26.359    1.239     
-26.281    1.273     
-26.201    1.306     
-26.118    1.337     
-26.034    1.367     
-25.951    1.394     
-25.870    1.417     
-25.792    1.438     
-25.715    1.455     
-25.640    1.469     
-25.566    1.481     
-25.494    1.489     
-25.422    1.495     
-25.350    1.499     
-25.279    1.500     
-25.209    1.498     
-25.138    1.494     
-25.068    1.488     
-24.997    1.479     
-24.926    1.468     
-24.855    1.454     
-24.783    1.438     
-24.710    1.419     
-24.636    1.398     
-24.561    1.374     
-24.485    1.347     
-24.407    1.318     
-24.326    1.286     
-24.243    1.251     
-24.160    1.214     
-24.078    1.177     
-23.998    1.139     
-23.921    1.101     
-23.845    1.064     
-23.771    1.027     
-23.698    0.991     
-23.627    0.955     
-23.555    0.920     
-23.484    0.885     
-23.413    0.851     
-23.342    0.817     
-23.270    0.784     
-23.197    0.752     
-23.124    0.721     
-23.050    0.691     
-22.974    0.662     
-22.897    0.634     
-22.818    0.609     
-22.738    0.585     
-22.659    0.564     
-22.581    0.547     
-22.505    0.532     
-22.430    0.520     
-22.357    0.511     
-22.284    0.505     
-22.212    0.501     
-22.140    0.500     
-22.069    0.502     
-21.997    0.506     
-21.926    0.512     
-21.855    0.521     
-21.783    0.533     
-21.711    0.547     
-21.638    0.563     
-21.564    0.582     
-21.489    0.604     
-21.413    0.628     
-21.336    0.655     
-21.256    0.685     
-21.176    0.717     
-21.096    0.751     
-21.018    0.786     
-20.942    0.821     
-20.866    0.857     
-20.792    0.892     
-20.719    0.928     
-20.646    0.965     
-20.574    1.001     
-20.502    1.037     
-20.430    1.073     
-20.356    1.109     
-20.282    1.144     
-20.206    1.180     
-20.129    1.216     
-20.050    1.250     
-19.970    1.284     
-19.887    1.318     
-19.802    1.349     
-19.716    1.379     
-19.632    1.405     
-19.550    1.427     
-19.471    1.447     
-19.393    1.463     
-19.317    1.476     
-19.242    1.486     
-19.168    1.493     
-19.095    1.498     
-19.022    1.500     
-18.949    1.499     
-18.877    1.496     
-18.805    1.490     
-18.733    1.482     
-18.660    1.471     
-18.587    1.457     
-18.513    1.441     
-18.439    1.422     
-18.364    1.401     
-18.287    1.377     
-18.209    1.350     
-18.129    1.320     
-18.047    1.288     
-17.962    1.252     
-17.877    1.214     
-17.793    1.176     
-17.711    1.137     
-17.631    1.098     
-17.554    1.060     
-17.478    1.022     
-17.404    0.985     
-17.330    0.948     
-17.257    0.912     
-17.185    0.877     
-17.112    0.842     
-17.038    0.807     
-16.964    0.774     
-16.890    0.741     
-16.814    0.710     
-16.737    0.679     
-16.659    0.650     
-16.579    0.623     
-16.497    0.597     
-16.416    0.575     
-16.335    0.555     
-16.257    0.538     
-16.179    0.525     
-16.103    0.515     
-16.028    0.507     
-15.954    0.502     
-15.880    0.500     
-15.807    0.501     
-15.734    0.504     
-15.661    0.510     
-15.587    0.519     
-15.514    0.530     
-15.440    0.544     
-15.365    0.561     
-15.290    0.580     
-15.213    0.602     
-15.135    0.627     
-15.056    0.654     
-14.975    0.685     
-14.892    0.718     
-14.810    0.752     
-14.730    0.788     
-14.652    0.824     
-14.574    0.861     
-14.498    0.898     
-14.423    0.935     
-14.348    0.972     
-14.274    1.009     
-14.200    1.046     
-14.126    1.083     
-14.050    1.120     
-13.974    1.157     
-13.895    1.193     
-13.816    1.229     
-13.734    1.265     
-13.650    1.299     
-13.564    1.332     
-13.476    1.364     
-13.388    1.393     
-13.303    1.418     
-13.220    1.439     
-13.139    1.457     
-13.060    1.471     
-12.983    1.483     
-12.906    1.491     
-12.831    1.497     
-12.756    1.500     
-12.681    1.499     
-12.607    1.497     
-12.533    1.491     
-12.459    1.483     
-12.384    1.472     
-12.309    1.458     
-12.233    1.442     
-12.157    1.422     
-12.080    1.400     
-12.001    1.376     
-11.921    1.348     
-11.838    1.317     
-11.754    1.284     
-11.666    1.247     
-11.579    1.208     
-11.493    1.168     
-11.409    1.128     
-11.327    1.088     
-11.248    1.049     
-11.170    1.010     
-11.094    0.972     
-11.019    0.935     
-10.944    0.898     
-10.869    0.861     
-10.794    0.826     
-10.718    0.791     
-10.642    0.757     
-10.565    0.724     
-10.486    0.692     
-10.407    0.662     
-10.325    0.633     
-10.242    0.606     
-10.158    0.581     
-10.074    0.560     
-9.993     0.542     
-9.913     0.528     
-9.834     0.516     
-9.757     0.508     
-9.680     0.503     
-9.604     0.500     
-9.528     0.501     
-9.453     0.504     
-9.378     0.510     
-9.302     0.519     
-9.226     0.531     
-9.150     0.546     
-9.073     0.563     
-8.995     0.583     
-8.916     0.606     
-8.836     0.632     
-8.754     0.661     
-8.670     0.693     
-8.585     0.728     
-8.501     0.764     
-8.419     0.801     
-8.338     0.838     
-8.259     0.876     
-8.181     0.914     
-8.104     0.953     
-8.027     0.991     
-7.951     1.029     
-7.875     1.067     
-7.797     1.105     
-7.719     1.143     
-7.639     1.181     
-7.557     1.218     
-7.473     1.255     
-7.388     1.291     
-7.300     1.325     
-7.209     1.359     
-7.118     1.389     
-7.030     1.415     
-6.944     1.437     
-6.861     1.456     
-6.779     1.471     
-6.699     1.483     
-6.620     1.492     
-6.542     1.497     
-6.465     1.500     
-6.388     1.499     
-6.311     1.496     
-6.234     1.489     
-6.158     1.480     
-6.081     1.468     
-6.003     1.453     
-5.925     1.435     
-5.846     1.415     
-5.765     1.391     
-5.683     1.364     
-5.600     1.334     
-5.514     1.301     
-5.425     1.265     
-5.334     1.225     
-5.244     1.184     
-5.157     1.143     
-5.072     1.101     
-4.989     1.061     
-4.908     1.020     
-4.829     0.981     
-4.751     0.942     
-4.674     0.904     
-4.596     0.866     
-4.519     0.829     
-4.440     0.793     
-4.361     0.758     
-4.282     0.724     
-4.201     0.691     
-4.118     0.660     
-4.034     0.630     
-3.948     0.602     
-3.860     0.578     
-3.775     0.556     
-3.690     0.539     
-3.608     0.524     
-3.527     0.513     
-3.447     0.506     
-3.368     0.502     
-3.289     0.500     
-3.211     0.502     
-3.133     0.507     
-3.055     0.515     
-2.977     0.526     
-2.898     0.539     
-2.819     0.556     
-2.739     0.576     
-2.657     0.599     
-2.575     0.625     
-2.490     0.654     
-2.404     0.687     
-2.316     0.722     
-2.228     0.759     
-2.143     0.797     
-2.059     0.836     
-1.977     0.876     
-1.896     0.915     
-1.816     0.955     
-1.736     0.995     
-1.657     1.034     
-1.578     1.074     
-1.498     1.113     
-1.416     1.152     
-1.332     1.191     
-1.247     1.230     
-1.160     1.268     
-1.071     1.304     
-0.978     1.340     
-0.883     1.373     
-0.790     1.402     
-0.700     1.427     
-0.612     1.448     
-0.526     1.466     
-0.442     1.479     
-0.360     1.489     
-0.279     1.496     
-0.198     1.499     
-0.118     1.499     
-0.039     1.496     
0.041      1.490     
0.121      1.481     
0.201      1.468     
0.281      1.453     
0.363      1.434     
0.445      1.412     
0.528      1.387     
0.614      1.359     
0.701      1.328     
0.790      1.293     
0.883      1.254     
0.977      1.212     
1.070      1.169     
1.160      1.126     
1.248      1.083     
1.333      1.041     
1.417      1.000     
1.498      0.959     
1.579      0.919     
1.659      0.880     
1.740      0.841     
1.821      0.803     
1.903      0.766     
1.986      0.730     
2.070      0.696     
2.155      0.663     
2.243      0.632     
2.332      0.604     
2.423      0.578     
2.513      0.555     
2.600      0.537     
2.686      0.523     
2.771      0.512     
2.854      0.505     
2.936      0.501     
3.018      0.501     
3.099      0.504     
3.181      0.510     
3.262      0.519     
3.344      0.532     
3.426      0.548     
3.510      0.567     
3.594      0.590     
3.679      0.615     
3.767      0.645     
3.856      0.678     
3.948      0.714     
4.040      0.753     
4.129      0.792     
4.217      0.833     
4.303      0.874     
4.388      0.916     
4.472      0.957     
4.555      0.999     
4.637      1.040     
4.720      1.081     
4.805      1.122     
4.890      1.163     
4.978      1.204     
5.068      1.244     
5.159      1.283     
5.254      1.321     
5.352      1.356     
5.450      1.389     
5.546      1.417     
5.640      1.441     
5.730      1.461     
5.819      1.476     
5.905      1.487     
5.991      1.495     
6.075      1.499     
6.159      1.499     
6.243      1.496     
6.326      1.490     
6.410      1.480     
6.494      1.467     
6.578      1.450     
6.663      1.430     
6.750      1.406     
6.838      1.379     
6.928      1.348     
7.020      1.314     
7.115      1.275     
7.214      1.233     
7.312      1.188     
7.408      1.143     
7.501      1.098     
7.592      1.053     
7.680      1.009     
7.766      0.967     
7.851      0.924     
7.936      0.883     
8.021      0.842     
8.106      0.802     
8.192      0.764     
8.279      0.726     
8.368      0.690     
8.458      0.656     
8.550      0.624     
8.645      0.595     
8.740      0.569     
8.834      0.547     
8.925      0.530     
9.015      0.517     
9.104      0.507     
9.191      0.502     
9.277      0.500     
9.363      0.503     
9.449      0.508     
9.535      0.518     
9.621      0.531     
9.708      0.548     
9.796      0.568     
9.884      0.592     
9.975      0.619     
10.067     0.651     
10.162     0.686     
10.259     0.725     
10.355     0.767     
10.449     0.809     
10.541     0.853     
10.632     0.896     
10.721     0.940     
10.809     0.984     
10.897     1.028     
10.985     1.072     
11.073     1.115     
11.164     1.159     
11.256     1.202     
11.351     1.244     
11.448     1.285     
11.549     1.325     
11.652     1.362     
11.756     1.396     
11.858     1.425     
11.956     1.449     
12.052     1.468     
12.145     1.482     
12.236     1.492     
12.327     1.498     
12.416     1.500     
12.505     1.497     
12.594     1.491     
12.683     1.481     
12.772     1.467     
12.861     1.450     
12.952     1.428     
13.044     1.403     
13.138     1.373     
13.234     1.340     
13.332     1.302     
13.434     1.260     
13.540     1.214     
13.644     1.166     
13.745     1.117     
13.843     1.069     
13.938     1.022     
14.031     0.976     
14.122     0.930     
14.213     0.886     
14.303     0.842     
14.394     0.800     
14.486     0.759     
14.580     0.719     
14.674     0.681     
14.771     0.646     
14.871     0.612     
14.973     0.582     
15.075     0.557     
15.174     0.536     
15.271     0.520     
15.367     0.509     
15.461     0.503     
15.554     0.501     
15.647     0.503     
15.739     0.509     
15.831     0.520     
15.924     0.534     
16.017     0.553     
16.112     0.577     
16.208     0.604     
16.306     0.636     
16.406     0.672     
16.510     0.712     
16.614     0.756     
16.716     0.802     
16.817     0.849     
16.915     0.896     
17.011     0.944     
17.107     0.991     
17.201     1.039     
17.297     1.086     
17.393     1.133     
17.492     1.180     
17.593     1.226     
17.697     1.271     
17.805     1.314     
17.916     1.356     
18.029     1.393     
18.140     1.425     
18.247     1.450     
18.352     1.470     
18.453     1.485     
18.553     1.494     
18.651     1.499     
18.748     1.499     
18.845     1.494     
18.942     1.484     
19.040     1.470     
19.138     1.451     
19.237     1.428     
19.337     1.400     
19.440     1.367     
19.545     1.329     
19.654     1.287     
19.767     1.239     
19.882     1.187     
19.995     1.133     
20.104     1.080     
20.210     1.028     
20.313     0.976     
20.414     0.926     
20.514     0.877     
20.614     0.829     
20.715     0.783     
20.817     0.738     
20.921     0.695     
21.027     0.655     
21.137     0.618     
21.249     0.584     
21.362     0.556     
21.473     0.533     
21.582     0.517     
21.688     0.506     
21.793     0.501     
21.897     0.502     
22.000     0.507     
22.104     0.518     
22.208     0.535     
22.313     0.556     
22.419     0.583     
22.527     0.615     
22.638     0.653     
22.753     0.696     
22.871     0.745     
22.988     0.797     
23.102     0.850     
23.214     0.904     
23.324     0.958     
23.432     1.013     
23.541     1.067     
23.650     1.120     
23.763     1.174     
23.878     1.227     
23.997     1.278     
24.120     1.327     
24.249     1.373     
24.379     1.413     
24.506     1.445     
24.628     1.469     
24.748     1.486     
24.864     1.496     
24.979     1.499     
25.093     1.496     
25.207     1.486     
25.321     1.470     
25.437     1.448     
25.554     1.419     
25.674     1.383     
25.797     1.341     
25.924     1.292     
26.058     1.235     
26.196     1.172     
26.331     1.108     
26.462     1.043     
26.589     0.980     
26.713     0.918     
26.836     0.858     
26.960     0.800     
27.086     0.744     
27.215     0.692     
27.347     0.642     
27.485     0.598     
27.629     0.560     
27.772     0.531     
27.912     0.512     
28.051     0.502     
28.188     0.502     
28.326     0.512     
28.465     0.530     
28.606     0.559     
28.752     0.597     
28.903     0.646     
29.062     0.707     
29.232     0.779     
29.404     0.859     
29.576     0.943     
29.752     1.031     
29.936     1.121     
30.000     1.152     
