# phi      u         
-30.000    1.000     
-29.927    0.963     
-29.855    0.928     
-29.785    0.894     
-29.715    0.860     
-29.644    0.826     
-29.574    0.794     
-29.502    0.762     
-29.430    0.731     
-29.357    0.702     
-29.282    0.673     
-29.207    0.646     
-29.129    0.620     
-29.050    0.596     
-28.972    0.575     
-28.895    0.557     
-28.820    0.542     
-28.746    0.529     
-28.674    0.520     
-28.602    0.513     
-28.531    0.508     
-28.460    0.506     
-28.389    0.506     
-28.319    0.509     
-28.249    0.515     
-28.179    0.522     
-28.108    0.532     
-28.037    0.545     
-27.966    0.560     
-27.894    0.577     
-27.821    0.597     
-27.747    0.620     
-27.671    0.644     
-27.594    0.672     
-27.516    0.702     
-27.437    0.735     
-27.359    0.768     
-27.282    0.802     
-27.207    0.837     
-27.134    0.872     
-27.061    0.907     
-26.989    0.943     
-26.918    0.978     
-26.847    1.014     
-26.776    1.049     
-26.704    1.085     
-26.632    1.120     
-26.558    1.156     
-26.483    1.191     
-26.407    1.226     
-26.329    1.261     
-26.249    1.295     
-26.167    1.328     
-26.083    1.359     
-25.998    1.389     
-25.914    1.415     
-25.833    1.438     
-25.754    1.458     
-25.676    1.475     
-25.600    1.489     
-25.525    1.499     
-25.452    1.508     
-25.379    1.513     
-25.306    1.516     
-25.234    1.516     
-25.162    1.514     
-25.091    1.509     
-25.019    1.502     
-24.947    1.492     
-24.875    1.479     
-24.802    1.465     
-24.728    1.447     
-24.654    1.427     
-24.579    1.405     
-24.502    1.380     
-24.424    1.352     
-24.344    1.322     
-24.261    1.288     
-24.176    1.252     
-24.092    1.214     
-24.009    1.175     
-23.929    1.137     
-23.851    1.099     
-23.775    1.061     
-23.700    1.024     
-23.627    0.987     
-23.555    0.951     
-23.483    0.916     
-23.412    0.881     
-23.340    0.847     
-23.268    0.813     
-23.195    0.780     
-23.122    0.748     
-23.048    0.717     
-22.972    0.687     
-22.896    0.659     
-22.817    0.632     
-22.737    0.607     
-22.657    0.584     
-22.578    0.564     
-22.500    0.547     
-22.424    0.533     
-22.349    0.523     
-22.275    0.514     
-22.202    0.509     
-22.130    0.506     
-22.058    0.506     
-21.986    0.509     
-21.914    0.514     
-21.842    0.521     
-21.770    0.531     
-21.697    0.544     
-21.624    0.559     
-21.551    0.576     
-21.476    0.596     
-21.400    0.619     
-21.323    0.645     
-21.245    0.673     
-21.164    0.704     
-21.083    0.737     
-21.003    0.771     
-20.925    0.806     
-20.849    0.842     
-20.773    0.878     
-20.699    0.914     
-20.625    0.951     
-20.552    0.987     
-20.480    1.023     
-20.407    1.060     
-20.333    1.096     
-20.259    1.132     
-20.183    1.169     
-20.106    1.205     
-20.027    1.241     
-19.947    1.276     
-19.864    1.310     
-19.779    1.343     
-19.692    1.375     
-19.605    1.403     
-19.521    1.429     
-19.438    1.450     
-19.358    1.469     
-19.280    1.484     
-19.203    1.496     
-19.127    1.505     
-19.052    1.512     
-18.977    1.515     
-18.903    1.516     
-18.830    1.514     
-18.756    1.510     
-18.683    1.503     
-18.609    1.493     
-18.535    1.481     
-18.460    1.466     
-18.385    1.448     
-18.309    1.428     
-18.232    1.405     
-18.153    1.380     
-18.073    1.351     
-17.991    1.320     
-17.907    1.285     
-17.819    1.248     
-17.733    1.209     
-17.649    1.169     
-17.567    1.130     
-17.487    1.091     
-17.409    1.052     
-17.333    1.014     
-17.259    0.977     
-17.185    0.940     
-17.111    0.904     
-17.038    0.869     
-16.964    0.834     
-16.890    0.799     
-16.815    0.766     
-16.740    0.734     
-16.663    0.702     
-16.585    0.673     
-16.506    0.644     
-16.424    0.617     
-16.342    0.593     
-16.260    0.571     
-16.180    0.553     
-16.101    0.538     
-16.024    0.526     
-15.948    0.516     
-15.872    0.510     
-15.798    0.507     
-15.724    0.506     
-15.650    0.508     
-15.576    0.513     
-15.503    0.520     
-15.429    0.530     
-15.354    0.543     
-15.279    0.558     
-15.204    0.576     
-15.127    0.597     
-15.050    0.620     
-14.970    0.647     
-14.889    0.676     
-14.806    0.708     
-14.723    0.742     
-14.642    0.777     
-14.562    0.814     
-14.484    0.850     
-14.406    0.887     
-14.330    0.925     
-14.255    0.962     
-14.180    0.999     
-14.105    1.037     
-14.030    1.074     
-13.954    1.111     
-13.877    1.149     
-13.799    1.186     
-13.719    1.223     
-13.637    1.259     
-13.553    1.295     
-13.467    1.329     
-13.379    1.362     
-13.289    1.393     
-13.201    1.420     
-13.116    1.444     
-13.033    1.464     
-12.952    1.480     
-12.872    1.493     
-12.794    1.504     
-12.717    1.511     
-12.640    1.515     
-12.564    1.516     
-12.488    1.515     
-12.413    1.510     
-12.337    1.503     
-12.261    1.493     
-12.185    1.480     
-12.108    1.465     
-12.031    1.447     
-11.953    1.426     
-11.873    1.402     
-11.792    1.375     
-11.709    1.345     
-11.625    1.312     
-11.537    1.276     
-11.448    1.237     
-11.359    1.197     
-11.274    1.156     
-11.190    1.116     
-11.109    1.076     
-11.029    1.036     
-10.951    0.997     
-10.875    0.959     
-10.800    0.922     
-10.724    0.885     
-10.648    0.849     
-10.572    0.813     
-10.495    0.778     
-10.418    0.745     
-10.340    0.712     
-10.260    0.681     
-10.179    0.651     
-10.096    0.623     
-10.010    0.597     
-9.926     0.575     
-9.843     0.555     
-9.761     0.539     
-9.681     0.526     
-9.603     0.517     
-9.525     0.510     
-9.448     0.507     
-9.372     0.506     
-9.296     0.508     
-9.220     0.514     
-9.144     0.521     
-9.068     0.532     
-8.991     0.546     
-8.914     0.562     
-8.836     0.581     
-8.757     0.603     
-8.676     0.629     
-8.594     0.657     
-8.510     0.688     
-8.424     0.722     
-8.339     0.758     
-8.256     0.795     
-8.174     0.832     
-8.094     0.870     
-8.015     0.909     
-7.937     0.947     
-7.859     0.986     
-7.782     1.024     
-7.705     1.063     
-7.627     1.101     
-7.548     1.140     
-7.467     1.179     
-7.385     1.217     
-7.301     1.254     
-7.215     1.291     
-7.127     1.327     
-7.035     1.361     
-6.943     1.393     
-6.852     1.421     
-6.764     1.445     
-6.678     1.465     
-6.595     1.482     
-6.512     1.495     
-6.432     1.505     
-6.352     1.512     
-6.273     1.515     
-6.194     1.516     
-6.116     1.513     
-6.038     1.508     
-5.960     1.499     
-5.882     1.488     
-5.803     1.474     
-5.723     1.456     
-5.643     1.436     
-5.561     1.413     
-5.479     1.386     
-5.394     1.357     
-5.307     1.324     
-5.218     1.288     
-5.126     1.248     
-5.034     1.207     
-4.944     1.165     
-4.857     1.123     
-4.773     1.081     
-4.690     1.040     
-4.610     1.000     
-4.531     0.961     
-4.452     0.922     
-4.374     0.884     
-4.296     0.846     
-4.217     0.810     
-4.138     0.774     
-4.057     0.739     
-3.976     0.706     
-3.893     0.674     
-3.809     0.644     
-3.723     0.615     
-3.635     0.590     
-3.547     0.567     
-3.462     0.548     
-3.379     0.533     
-3.297     0.522     
-3.216     0.513     
-3.136     0.508     
-3.056     0.506     
-2.977     0.507     
-2.899     0.511     
-2.820     0.519     
-2.741     0.529     
-2.662     0.542     
-2.582     0.559     
-2.501     0.578     
-2.420     0.600     
-2.336     0.626     
-2.252     0.655     
-2.165     0.687     
-2.076     0.722     
-1.988     0.760     
-1.901     0.798     
-1.816     0.837     
-1.733     0.877     
-1.651     0.916     
-1.570     0.957     
-1.490     0.997     
-1.410     1.036     
-1.330     1.076     
-1.249     1.116     
-1.166     1.156     
-1.082     1.196     
-0.996     1.235     
-0.908     1.274     
-0.817     1.311     
-0.724     1.347     
-0.628     1.382     
-0.532     1.412     
-0.440     1.439     
-0.350     1.461     
-0.262     1.479     
-0.177     1.493     
-0.092     1.504     
-0.009     1.511     
0.073      1.515     
0.154      1.516     
0.236      1.513     
0.317      1.507     
0.398      1.498     
0.480      1.486     
0.562      1.470     
0.644      1.452     
0.728      1.430     
0.813      1.405     
0.900      1.376     
0.988      1.344     
1.079      1.309     
1.173      1.269     
1.269      1.227     
1.364      1.184     
1.456      1.140     
1.545      1.096     
1.631      1.053     
1.716      1.011     
1.799      0.970     
1.880      0.929     
1.962      0.890     
2.043      0.850     
2.125      0.812     
2.208      0.775     
2.291      0.739     
2.376      0.704     
2.462      0.671     
2.550      0.640     
2.641      0.611     
2.732      0.584     
2.823      0.562     
2.911      0.544     
2.998      0.529     
3.083      0.518     
3.167      0.511     
3.250      0.507     
3.333      0.506     
3.415      0.509     
3.497      0.516     
3.580      0.525     
3.662      0.538     
3.745      0.554     
3.829      0.574     
3.914      0.597     
4.001      0.623     
4.089      0.652     
4.179      0.686     
4.272      0.723     
4.365      0.762     
4.455      0.802     
4.544      0.843     
4.630      0.884     
4.716      0.926     
4.800      0.968     
4.884      1.010     
4.968      1.052     
5.052      1.093     
5.138      1.135     
5.225      1.177     
5.314      1.218     
5.405      1.259     
5.499      1.298     
5.595      1.337     
5.695      1.373     
5.795      1.406     
5.892      1.434     
5.987      1.458     
6.079      1.478     
6.170      1.493     
6.258      1.504     
6.345      1.512     
6.431      1.515     
6.517      1.515     
6.602      1.512     
6.687      1.505     
6.772      1.494     
6.858      1.480     
6.944      1.463     
7.032      1.442     
7.120      1.417     
7.210      1.389     
7.302      1.357     
7.396      1.321     
7.494      1.281     
7.595      1.237     
7.695      1.191     
7.792      1.145     
7.886      1.099     
7.978      1.054     
8.067      1.010     
8.154      0.966     
8.240      0.924     
8.326      0.882     
8.411      0.841     
8.498      0.801     
8.585      0.762     
8.673      0.725     
8.763      0.689     
8.854      0.655     
8.948      0.623     
9.045      0.594     
9.141      0.569     
9.235      0.548     
9.327      0.532     
9.417      0.520     
9.506      0.511     
9.594      0.507     
9.682      0.507     
9.768      0.510     
9.855      0.517     
9.942      0.527     
10.029     0.542     
10.117     0.560     
10.206     0.581     
10.296     0.607     
10.388     0.636     
10.482     0.669     
10.579     0.706     
10.677     0.746     
10.773     0.789     
10.868     0.832     
10.960     0.876     
11.051     0.920     
11.141     0.964     
11.230     1.009     
11.319     1.053     
11.408     1.097     
11.499     1.142     
11.592     1.186     
11.686     1.229     
11.783     1.272     
11.884     1.313     
11.987     1.353     
12.094     1.390     
12.200     1.423     
12.302     1.450     
12.401     1.473     
12.498     1.490     
12.592     1.503     
12.685     1.511     
12.777     1.515     
12.868     1.515     
12.959     1.511     
13.050     1.503     
13.141     1.491     
13.232     1.475     
13.324     1.455     
13.418     1.431     
13.513     1.403     
13.609     1.371     
13.709     1.335     
13.811     1.294     
13.917     1.248     
14.024     1.200     
14.129     1.151     
14.230     1.101     
14.328     1.053     
14.424     1.005     
14.517     0.959     
14.609     0.913     
14.700     0.869     
14.793     0.825     
14.885     0.783     
14.979     0.742     
15.074     0.703     
15.172     0.666     
15.271     0.632     
15.374     0.600     
15.477     0.572     
15.578     0.549     
15.678     0.531     
15.775     0.519     
15.871     0.510     
15.965     0.507     
16.059     0.507     
16.153     0.512     
16.246     0.522     
16.340     0.535     
16.435     0.553     
16.530     0.575     
16.627     0.602     
16.726     0.632     
16.827     0.668     
16.931     0.708     
17.037     0.752     
17.141     0.798     
17.243     0.845     
17.343     0.893     
17.441     0.941     
17.538     0.989     
17.634     1.037     
17.731     1.085     
17.829     1.133     
17.929     1.181     
18.032     1.228     
18.138     1.275     
18.246     1.319     
18.359     1.362     
18.476     1.401     
18.590     1.435     
18.700     1.462     
18.808     1.484     
18.912     1.499     
19.015     1.510     
19.116     1.515     
19.216     1.515     
19.315     1.511     
19.415     1.501     
19.515     1.487     
19.615     1.468     
19.717     1.444     
19.820     1.415     
19.925     1.382     
20.033     1.343     
20.144     1.299     
20.261     1.250     
20.378     1.197     
20.494     1.142     
20.605     1.088     
20.714     1.034     
20.818     0.982     
20.921     0.931     
21.023     0.881     
21.126     0.832     
21.229     0.785     
21.333     0.740     
21.439     0.697     
21.547     0.656     
21.659     0.619     
21.774     0.585     
21.889     0.557     
22.002     0.535     
22.112     0.520     
22.220     0.510     
22.327     0.507     
22.433     0.508     
22.538     0.516     
22.644     0.529     
22.750     0.547     
22.857     0.570     
22.966     0.599     
23.078     0.634     
23.192     0.674     
23.311     0.721     
23.431     0.772     
23.549     0.825     
23.665     0.880     
23.778     0.936     
23.890     0.991     
24.001     1.047     
24.113     1.102     
24.227     1.157     
24.344     1.212     
24.464     1.266     
24.589     1.317     
24.719     1.366     
24.855     1.411     
24.988     1.448     
25.117     1.476     
25.242     1.497     
25.364     1.510     
25.484     1.515     
25.603     1.514     
25.721     1.505     
25.840     1.490     
25.960     1.468     
26.082     1.439     
26.206     1.404     
26.333     1.361     
26.466     1.310     
26.604     1.252     
26.748     1.187     
26.890     1.119     
27.027     1.051     
27.159     0.985     
27.289     0.921     
27.418     0.858     
27.548     0.798     
27.680     0.740     
27.815     0.686     
27.955     0.635     
28.102     0.591     
28.253     0.554     
28.404     0.527     
28.552     0.512     
28.700     0.507     
28.847     0.513     
28.996     0.530     
29.149     0.558     
29.306     0.597     
29.472     0.650     
29.649     0.717     
29.844     0.801     
30.000     0.874     
