# n      cyclic   n^3     
10       1.000    2.756   
20       2.000    22.050  
30       11.000   74.419  
40       37.000   176.400 
50       87.000   344.531 
60       190.000  595.350 
70       356.000  945.394 
80       604.000  1411.200
90       820.000  2009.306
100      1339.000 2756.250
110      2014.000 3668.569
120      2674.000 4762.800
130      3384.000 6055.481
140      4572.000 7563.150
150      7783.000 9302.344
160      7957.000 11289.600
170      11497.000 13541.456
180      14816.000 16074.450
190      17689.000 18905.119
