# n        1row     n^2     
10       0.000    0.320   
30       0.000    2.880   
50       1.000    8.000   
70       3.000    15.680  
90       13.000   25.920  
110      11.000   38.720  
130      13.000   54.080  
150      80.000   72.000  
170      32.000   92.480  
190      62.000   115.520 
210      105.000  141.120 
230      100.000  169.280 
250      77.000   200.000 
270      124.000  233.280 
290      363.000  269.120 
310      134.000  307.520 
330      326.000  348.480 
350      138.000  392.000 
370      914.000  438.080 
390      260.000  486.720 
410      451.000  537.920 
430      288.000  591.680 
450      776.000  648.000 
470      513.000  706.880 
490      726.000  768.320 
510      654.000  832.320 
530      677.000  898.880 
550      655.000  968.000 
570      2578.000 1039.680
590      1810.000 1113.920
610      854.000  1190.720
630      1632.000 1270.080
650      2888.000 1352.000
670      1139.000 1436.480
690      1178.000 1523.520
710      1167.000 1613.120
730      6073.000 1705.280
750      1519.000 1800.000
770      4167.000 1897.280
790      2212.000 1997.120
810      1723.000 2099.520
830      2359.000 2204.480
850      3538.000 2312.000
870      12378.000 2422.080
890      5924.000 2534.720
910      5396.000 2649.920
930      4417.000 2767.680
950      4199.000 2888.000
970      4463.000 3010.880
990      3502.000 3136.320
