

# t          S            I            R           
0.057        5999988.383  409.958      1.660       
0.112        5999977.055  419.667      3.278       
0.172        5999964.300  430.600      5.100       
0.240        5999949.540  443.252      7.209       
0.315        5999932.503  457.855      9.643       
0.399        5999913.009  474.564      12.427      
0.490        5999890.902  493.512      15.586      
0.589        5999866.018  514.841      19.140      
0.695        5999838.178  538.704      23.118      
0.807        5999807.180  565.274      27.546      
0.926        5999772.795  594.746      32.458      
1.050        5999734.769  627.340      37.891      
1.180        5999692.817  663.298      43.884      
1.315        5999646.624  702.892      50.484      
1.456        5999595.839  746.422      57.739      
1.600        5999540.076  794.218      65.706      
1.750        5999478.910  846.646      74.445      
1.903        5999411.871  904.107      84.023      
2.060        5999338.445  967.042      94.513      
2.221        5999258.066  1035.937     105.997     
2.384        5999170.113  1111.323     118.563     
2.551        5999073.908  1193.783     132.309     
2.721        5998968.703  1283.957     147.341     
2.894        5998853.682  1382.543     163.775     
3.069        5998727.950  1490.309     181.741     
3.247        5998590.528  1608.095     201.377     
3.427        5998440.343  1736.820     222.837     
3.608        5998276.220  1877.491     246.290     
3.792        5998096.874  2031.208     271.918     
3.977        5997900.898  2199.178     299.924     
4.165        5997686.751  2382.721     330.528     
4.353        5997452.748  2583.282     363.970     
4.543        5997197.043  2802.441     400.516     
4.735        5996917.616  3041.931     440.454     
4.927        5996612.255  3303.645     484.100     
5.121        5996278.540  3589.658     531.802     
5.316        5995913.821  3902.240     583.939     
5.512        5995515.196  4243.878     640.926     
5.709        5995079.487  4617.294     703.219     
5.907        5994603.217  5025.467     771.316     
6.106        5994082.574  5471.662     845.764     
6.305        5993513.388  5959.452     927.160     
6.506        5992891.088  6492.751     1016.161    
6.707        5992210.667  7075.848     1113.485    
6.908        5991466.642  7713.439     1219.919    
7.110        5990653.005  8410.668     1336.326    
7.313        5989763.173  9173.174     1463.653    
7.517        5988789.930  10007.134    1602.936    
7.721        5987725.370  10919.315    1755.315    
7.925        5986560.826  11917.138    1922.035    
8.130        5985286.798  13008.735    2104.467    
8.336        5983892.869  14203.019    2304.113    
8.542        5982367.616  15509.763    2522.620    
8.749        5980698.514  16939.686    2761.800    
8.956        5978871.824  18504.538    3023.638    
9.163        5976872.474  20217.209    3310.316    
9.371        5974683.927  22091.839    3624.233    
9.579        5972288.038  24143.940    3968.022    
9.788        5969664.888  26390.532    4344.579    
9.997        5966792.616  28850.295    4757.088    
10.207       5963647.217  31543.732    5209.051    
10.417       5960202.328  34493.351    5704.321    
10.628       5956428.994  37723.866    6247.140    
10.839       5952295.401  41262.420    6842.179    
11.050       5947766.589  45138.826    7494.586    
11.262       5942804.128  49385.839    8210.033    
11.475       5937365.764  54039.457    8994.779    
11.688       5931405.025  59139.247    9855.728    
11.902       5924870.781  64728.712    10800.507   
12.116       5917706.760  70855.696    11837.543   
12.331       5909851.010  77572.835    12976.156   
12.547       5901235.292  84938.049    14226.659   
12.763       5891784.417  93015.103    15600.481   
12.980       5881415.493  101874.216   17110.291   
13.198       5870037.095  111592.748   18770.157   
13.417       5857548.324  122255.966   20595.710   
13.636       5843837.758  133957.895   22604.347   
13.857       5828782.275  146802.271   24815.454   
14.079       5812245.717  160903.614   27250.669   
14.302       5794077.387  176388.429   29934.184   
14.526       5774110.344  193396.560   32893.096   
14.751       5752159.456  212082.719   36157.824   
14.978       5728019.185  232618.222   39762.593   
15.207       5701461.037  255192.957   43746.006   
15.438       5672230.623  280017.643   48151.734   
15.671       5640044.252  307326.411   53029.337   
15.906       5604584.946  337379.795   58435.260   
16.143       5565497.753  370468.205   64434.042   
16.383       5522384.188  406915.993   71099.819   
16.627       5474795.557  447086.265   78518.178   
16.874       5422224.871  491386.627   86788.502   
17.124       5364096.909  540276.136   96026.954   
17.380       5299755.812  594273.844   106370.344  
17.640       5228449.329  653969.461   117981.210  
17.907       5149308.388  720036.977   131054.635  
18.181       5061319.942  793252.472   145827.586  
18.462       4963289.852  874518.121   162592.028  
18.753       4853790.352  964895.716   181713.933  
19.056       4731082.640  1065655.547  203661.813  
19.373       4593061.290  1178299.188  229039.522  
19.705       4437908.047  1303997.865  258494.088  
20.056       4263361.881  1444151.087  292887.032  
20.428       4066837.817  1600224.608  333337.575  
20.826       3845609.826  1773509.526  381280.647  
21.255       3597234.600  1964656.033  438509.367  
21.719       3320511.354  2172767.893  507120.752  
22.222       3017366.393  2393854.790  589178.817  
22.762       2695588.759  2618974.354  685836.887  
23.327       2370308.002  2834029.309  796062.689  
23.896       2062792.218  3022436.918  915170.864  
24.421       1801452.324  3167661.782  1031285.894 
24.903       1582667.763  3275462.180  1142270.057 
25.349       1399089.168  3353363.075  1247947.758 
25.787       1236559.301  3410045.324  1353795.375 
26.207       1096781.263  3447006.329  1456612.408 
26.609       976805.741   3467684.058  1555910.201 
26.997       873125.959   3475185.443  1652088.598 
27.374       782782.371   3471907.385  1745710.245 
27.744       703468.835   3459651.263  1837279.902 
28.109       633406.615   3439789.670  1927203.715 
28.471       571206.282   3413393.764  2015799.954 
28.831       515761.878   3381319.313  2103318.809 
29.192       466176.462   3344263.833  2189959.705 
29.554       421710.457   3302805.233  2275884.311 
29.918       381745.398   3257428.726  2361225.876 
30.286       345757.945   3208546.155  2446095.901 
30.657       313300.820   3156510.233  2530588.947 
31.034       283988.520   3101625.317  2614786.163 
31.416       257486.390   3044155.705  2698757.904 
31.806       233502.119   2984332.153  2782565.728 
32.202       211779.015   2922357.069  2866263.916 
32.608       192090.618   2858408.725  2949900.657 
33.022       174236.332   2792644.692  3033518.976 
33.446       158037.834   2725204.709  3117157.458 
33.882       143336.110   2656213.079  3200850.812 
34.329       129988.971   2585780.711  3284630.317 
34.790       117868.966   2514006.883  3368524.151 
35.265       106861.604   2440980.769  3452557.628 
35.755       96863.842    2366782.802  3536753.356 
36.262       87782.787    2291485.900  3621131.313 
36.788       79534.566    2215156.591  3705708.843 
37.333       72043.357    2137856.072  3790500.571 
37.900       65240.531    2059641.233  3875518.235 
38.491       59063.912    1980565.671  3960770.417 
39.108       53457.120    1900680.724  4046262.156 
39.753       48368.990    1820036.566  4131994.444 
40.430       43753.066    1738683.384  4217963.551 
41.141       39567.142    1656672.690  4304160.168 
41.890       35772.862    1574058.805  4390568.332 
42.681       32335.356    1490900.571  4477164.073 
43.520       29222.921    1407263.332  4563913.747 
44.410       26406.726    1323221.261  4650772.013 
45.361       23860.559    1238860.050  4737679.391 
46.378       21560.583    1154279.994  4824559.422 
47.470       19485.126    1069599.400  4911315.474 
48.650       17614.471    984958.114   4997827.415 
49.930       15930.665    900520.641   5083948.694 
51.326       14417.316    816477.673   5169505.011 
52.860       13059.366    733043.467   5254297.167 
54.558       11842.786    650443.163   5338114.051 
56.459       10754.084    568875.138   5420770.778 
58.620       9779.250     488402.513   5502218.238 
60.000       9269.704     443045.247   5548085.049 


# t          S            I            R           
0.003        5999987.093  412.815      0.092       
0.006        5999974.218  425.598      0.184       
0.009        5999960.949  438.772      0.279       
0.012        5999947.110  452.513      0.378       
0.016        5999932.612  466.906      0.481       
0.019        5999917.405  482.005      0.590       
0.022        5999901.448  497.848      0.704       
0.025        5999884.707  514.470      0.824       
0.029        5999867.145  531.906      0.949       
0.032        5999848.727  550.192      1.081       
0.036        5999829.417  569.365      1.218       
0.039        5999809.174  589.463      1.363       
0.043        5999787.959  610.526      1.515       
0.046        5999765.729  632.598      1.673       
0.050        5999742.438  655.722      1.840       
0.053        5999718.040  679.946      2.014       
0.057        5999692.486  705.318      2.197       
0.061        5999665.723  731.889      2.388       
0.065        5999637.699  759.713      2.588       
0.068        5999608.356  788.846      2.798       
0.072        5999577.635  819.348      3.017       
0.076        5999545.474  851.279      3.247       
0.080        5999511.808  884.704      3.487       
0.084        5999476.569  919.692      3.739       
0.088        5999439.686  956.312      4.002       
0.092        5999401.083  994.638      4.278       
0.096        5999360.684  1034.749     4.567       
0.100        5999318.405  1076.726     4.869       
0.104        5999274.163  1120.653     5.185       
0.108        5999227.866  1166.619     5.516       
0.112        5999179.421  1214.717     5.862       
0.116        5999128.731  1265.045     6.224       
0.120        5999075.692  1317.705     6.603       
0.124        5999020.197  1372.803     6.999       
0.128        5998962.135  1430.451     7.414       
0.133        5998901.386  1490.766     7.848       
0.137        5998837.829  1553.869     8.302       
0.141        5998771.334  1619.889     8.777       
0.145        5998701.766  1688.960     9.274       
0.149        5998628.986  1761.220     9.794       
0.154        5998552.845  1836.817     10.338      
0.158        5998473.189  1915.904     10.907      
0.162        5998389.856  1998.641     11.503      
0.166        5998302.678  2085.196     12.125      
0.171        5998211.479  2175.744     12.777      
0.175        5998116.073  2270.468     13.459      
0.179        5998016.267  2369.562     14.172      
0.184        5997911.858  2473.224     14.918      
0.188        5997802.635  2581.666     15.698      
0.192        5997688.377  2695.108     16.515      
0.197        5997568.852  2813.779     17.369      
0.201        5997443.817  2937.920     18.262      
0.205        5997313.020  3067.783     19.197      
0.210        5997176.194  3203.631     20.175      
0.214        5997033.063  3345.740     21.198      
0.218        5996883.335  3494.397     22.268      
0.223        5996726.709  3649.904     23.387      
0.227        5996562.864  3812.578     24.558      
0.232        5996391.470  3982.747     25.783      
0.236        5996212.179  4160.756     27.064      
0.240        5996024.627  4346.968     28.405      
0.245        5995828.433  4541.760     29.807      
0.249        5995623.199  4745.527     31.274      
0.254        5995408.508  4958.683     32.809      
0.258        5995183.926  5181.660     34.414      
0.262        5994948.996  5414.910     36.094      
0.267        5994703.241  5658.909     37.851      
0.271        5994446.162  5914.150     39.689      
0.276        5994177.237  6181.152     41.611      
0.280        5993895.920  6460.457     43.623      
0.285        5993601.640  6752.633     45.727      
0.289        5993293.799  7058.272     47.928      
0.294        5992971.772  7377.997     50.231      
0.298        5992634.905  7712.455     52.640      
0.303        5992282.512  8062.328     55.160      
0.307        5991913.878  8428.325     57.797      
0.312        5991528.254  8811.191     60.555      
0.316        5991124.855  9211.704     63.441      
0.321        5990702.862  9630.678     66.460      
0.325        5990261.417  10068.965    69.618      
0.330        5989799.621  10527.457    72.922      
0.334        5989316.536  11007.086    76.378      
0.339        5988811.178  11508.827    79.995      
0.343        5988282.520  12033.702    83.778      
0.348        5987729.485  12582.778    87.736      
0.352        5987150.949  13157.174    91.877      
0.357        5986545.732  13758.059    96.210      
0.361        5985912.602  14386.655    100.743     
0.366        5985250.270  15044.245    105.485     
0.370        5984557.387  15732.166    110.447     
0.375        5983832.541  16451.822    115.638     
0.379        5983074.254  17204.677    121.069     
0.384        5982280.980  17992.269    126.752     
0.388        5981451.101  18816.201    132.697     
0.393        5980582.926  19678.156    138.918     
0.397        5979674.681  20579.892    145.427     
0.402        5978724.514  21523.248    152.238     
0.406        5977730.485  22510.151    159.364     
0.411        5976690.563  23542.617    166.820     
0.415        5975602.624  24622.754    174.622     
0.420        5974464.444  25752.770    182.786     
0.424        5973273.696  26934.975    191.329     
0.429        5972027.946  28171.787    200.268     
0.434        5970724.643  29465.736    209.622     
0.438        5969361.120  30819.470    219.410     
0.443        5967934.585  32235.762    229.653     
0.447        5966442.116  33717.512    240.372     
0.452        5964880.652  35267.759    251.590     
0.456        5963246.991  36889.680    263.329     
0.461        5961537.783  38586.603    275.614     
0.465        5959749.517  40362.011    288.472     
0.470        5957878.520  42219.551    301.929     
0.475        5955920.948  44163.040    316.013     
0.479        5953872.773  46196.474    330.753     
0.484        5951729.781  48324.037    346.182     
0.488        5949487.559  50550.110    362.330     
0.493        5947141.486  52879.280    379.234     
0.497        5944686.724  55316.349    396.927     
0.502        5942118.206  57866.346    415.449     
0.507        5939430.626  60534.537    434.837     
0.511        5936618.430  63326.437    455.134     
0.516        5933675.797  66247.821    476.382     
0.520        5930596.633  69304.739    498.628     
0.525        5927374.556  72503.526    521.918     
0.530        5924002.878  75850.819    546.304     
0.534        5920474.594  79353.569    571.837     
0.539        5916782.368  83019.060    598.572     
0.543        5912918.511  86854.921    626.569     
0.548        5908874.967  90869.147    655.886     
0.553        5904643.296  95070.114    686.590     
0.557        5900214.654  99466.601    718.746     
0.562        5895579.768  104067.807   752.425     
0.567        5890728.924  108883.374   787.702     
0.571        5885651.936  113923.409   824.655     
0.576        5880338.126  119198.508   863.366     
0.580        5874776.301  124719.779   903.921     
0.585        5868954.721  130498.868   946.411     
0.590        5862861.077  136547.991   990.932     
0.594        5856482.458  142879.957   1037.585    
0.599        5849805.321  149508.204   1086.475    
0.604        5842815.458  156446.827   1137.715    
0.609        5835497.959  163710.618   1191.423    
0.613        5827837.181  171315.097   1247.722    
0.618        5819816.701  179276.554   1306.744    
0.623        5811419.281  187612.091   1368.628    
0.627        5802626.820  196339.662   1433.518    
0.632        5793420.308  205478.122   1501.570    
0.637        5783779.779  215047.276   1572.945    
0.642        5773684.252  225067.931   1647.817    
0.646        5763111.682  235561.950   1726.368    
0.651        5752038.893  246552.317   1808.789    
0.656        5740441.520  258063.194   1895.286    
0.661        5728293.936  270119.990   1986.074    
0.666        5715569.178  282749.440   2081.382    
0.671        5702238.875  295979.672   2181.454    
0.675        5688273.154  309840.299   2286.547    
0.680        5673640.560  324362.505   2396.935    
0.685        5658307.950  339579.140   2512.910    
0.690        5642240.393  355524.825   2634.782    
0.695        5625401.054  372236.065   2762.881    
0.700        5607751.076  389751.365   2897.559    
0.705        5589249.443  408111.366   3039.191    
0.710        5569852.838  427358.983   3188.179    
0.715        5549515.486  447539.563   3344.951    
0.720        5528188.986  468701.048   3509.966    
0.725        5505822.120  490894.164   3683.716    
0.730        5482360.652  514172.619   3866.729    
0.735        5457747.101  538593.325   4059.574    
0.740        5431920.497  564216.644   4262.859    
0.746        5404816.100  591106.656   4477.245    
0.751        5376365.101  619331.458   4703.441    
0.756        5346494.282  648963.501   4942.217    
0.761        5315125.631  680079.962   5194.407    
0.767        5282175.921  712763.163   5460.915    
0.772        5247556.225  747101.047   5742.728    
0.778        5211171.364  783187.716   6040.920    
0.783        5172919.288  821124.043   6356.669    
0.789        5132690.353  861018.382   6691.265    
0.794        5090366.494  902987.378   7046.127    
0.800        5045820.257  947156.919   7422.825    
0.806        4998913.665  993663.242   7823.094    
0.812        4949496.883  1042654.251  8248.866    
0.818        4897406.622  1094291.078  8702.300    
0.824        4842464.213  1148749.970  9185.818    
0.830        4784473.272  1206224.577  9702.151    
0.836        4723216.823  1266928.775  10254.402   
0.842        4658453.708  1331100.182  10846.110   
0.849        4589914.051  1399004.599  11481.350   
0.856        4517293.425  1470941.727  12164.848   
0.862        4440459.982  1547039.953  12900.064   
0.869        4359217.807  1627490.757  13691.436   
0.877        4273328.001  1712527.717  14544.281   
0.884        4182532.513  1802402.807  15464.681   
0.891        4086567.621  1897372.919  16459.460   
0.899        3985175.344  1997688.449  17536.207   
0.907        3878116.715  2103580.007  18703.278   
0.915        3765189.337  2215240.892  19969.771   
0.924        3646250.955  2332803.617  21345.428   
0.933        3521250.347  2456309.224  22840.429   
0.942        3390265.894  2585669.058  24465.049   
0.951        3253550.359  2720620.527  26229.114   
0.961        3111577.209  2860681.516  28141.275   
0.970        2965079.395  3005112.504  30208.101   
0.980        2815585.450  3152389.295  32425.255   
0.991        2667704.816  3297957.712  34737.472   
1.000        2523983.130  3439305.960  37110.910   
1.010        2385958.322  3574920.593  39521.085   
1.019        2254560.881  3703890.364  41948.755   
1.028        2130281.639  3825739.562  44378.799   
1.037        2013275.373  3940324.774  46799.853   
1.046        1903449.672  4047746.399  49203.928   
1.054        1800544.842  4148269.292  51585.866   
1.062        1704200.464  4242256.817  53942.720   
1.069        1614005.827  4330121.016  56273.158   
1.077        1529534.887  4412288.148  58576.964   
1.084        1450368.527  4489176.822  60854.651   
1.091        1376107.460  4561185.367  63107.173   
1.097        1306378.788  4628685.476  65335.736   
1.104        1240838.506  4692019.829  67541.665   
1.111        1179171.596  4751502.087  69726.317   
1.117        1121090.765  4807418.202  71891.033   
1.123        1066334.515  4860028.379  74037.106   
1.129        1014664.951  4909569.288  76165.761   
1.135        965865.551   4956256.298  78278.151   
1.141        919739.030   5000285.618  80375.351   
1.147        876105.372   5041836.265  82458.363   
1.153        834800.029   5081071.858  84528.113   
1.158        795672.314   5118142.226  86585.460   
1.164        758583.968   5153184.831  88631.200   
1.169        723407.887   5186326.043  90666.069   
1.175        690026.999   5217682.253  92690.748   
1.180        658333.269   5247360.865  94705.867   
1.186        628226.819   5275461.171  96712.010   
1.191        599615.154   5302075.125  98709.720   
1.196        572412.468   5327288.031  100699.501  
1.201        546539.036   5351179.145  102681.819  
1.206        521920.666   5373822.223  104657.111  
1.212        498488.220   5395285.999  106625.781  
1.217        476177.176   5415634.616  108588.208  
1.222        454927.242   5434928.014  110544.744  
1.227        434682.013   5453222.268  112495.719  
1.232        415388.652   5470569.908  114441.440  
1.237        396997.613   5487020.190  116382.197  
1.242        379462.385   5502619.355  118318.260  
1.246        362739.266   5517410.853  120249.882  
1.251        346787.149   5531435.550  122177.301  
1.256        331567.339   5544731.921  124100.741  
1.261        317043.376   5557336.213  126020.412  
1.266        303180.880   5569282.608  127936.512  
1.271        289947.409   5580603.363  129849.228  
1.275        277312.325   5591328.940  131758.735  
1.280        265246.676   5601488.125  133665.199  
1.285        253723.084   5611108.140  135568.775  
1.290        242715.645   5620214.742  137469.613  
1.294        232199.832   5628832.317  139367.852  
1.299        222152.414   5636983.964  141263.622  
1.304        212551.371   5644691.578  143157.051  
1.309        203375.824   5651975.921  145048.254  
1.313        194605.965   5658856.689  146937.346  
1.318        186222.993   5665352.576  148824.431  
1.323        178209.055   5671481.335  150709.610  
1.327        170547.194   5677259.827  152592.979  
1.332        163221.293   5682704.079  154474.628  
1.336        156216.034   5687829.323  156354.643  
1.341        149516.847   5692650.047  158233.107  
1.346        143109.872   5697180.033  160110.096  
1.350        136981.920   5701432.396  161985.684  
1.355        131120.438   5705419.621  163859.941  
1.360        125513.472   5709153.594  165732.934  
1.364        120149.636   5712645.637  167604.727  
1.369        115018.084   5715906.536  169475.380  
1.373        110108.480   5718946.569  171344.950  
1.378        105410.974   5721775.534  173213.493  
1.382        100916.172   5724402.769  175081.059  
1.387        96615.119    5726837.181  176947.700  
1.392        92499.274    5729087.264  178813.462  
1.396        88560.488    5731161.121  180678.391  
1.401        84790.986    5733066.485  182542.529  
1.405        81183.350    5734810.733  184405.918  
1.410        77730.497    5736400.907  186268.596  
1.414        74425.667    5737843.731  188130.602  
1.419        71262.407    5739145.622  189991.971  
1.423        68234.552    5740312.711  191852.737  
1.428        65336.218    5741350.851  193712.932  
1.432        62561.780    5742265.632  195572.587  
1.437        59905.869    5743062.397  197431.733  
1.441        57363.353    5743746.249  199290.397  
1.446        54929.329    5744322.064  201148.607  
1.451        52599.110    5744794.501  203006.388  
1.455        50368.219    5745168.015  204863.765  
1.460        48232.375    5745446.863  206720.762  
1.464        46187.486    5745635.112  208577.401  
1.469        44229.641    5745736.655  210433.704  
1.473        42355.098    5745755.210  212289.691  
1.478        40560.283    5745694.334  214145.383  
1.482        38841.775    5745557.428  216000.797  
1.487        37196.303    5745347.744  217855.953  
1.491        35620.740    5745068.393  219710.867  
1.496        34112.094    5744722.351  221565.555  
1.500        32667.503    5744312.462  223420.035  
1.505        31284.231    5743841.450  225274.320  
1.509        29959.657    5743311.918  227128.425  
1.514        28691.276    5742726.359  228982.364  
1.518        27476.693    5742087.157  230836.151  
1.523        26313.611    5741396.591  232689.797  
1.527        25199.838    5740656.846  234543.316  
1.532        24133.273    5739870.008  236396.719  
1.536        23111.906    5739038.078  238250.016  
1.541        22133.815    5738162.966  240103.219  
1.545        21197.157    5737246.505  241956.338  
1.550        20300.172    5736290.445  243809.382  
1.555        19441.174    5735296.464  245662.362  
1.559        18618.548    5734266.166  247515.285  
1.564        17830.751    5733201.088  249368.161  
1.568        17076.302    5732102.700  251220.998  
1.573        16353.788    5730972.409  253073.803  
1.577        15661.853    5729811.562  254926.585  
1.582        14999.199    5728621.451  256779.350  
1.586        14364.585    5727403.308  258632.106  
1.591        13756.823    5726158.318  260484.859  
1.595        13174.774    5724887.610  262337.616  
1.600        12617.348    5723592.269  264190.383  
1.604        12083.503    5722273.332  266043.165  
1.609        11572.239    5720931.793  267895.968  
1.613        11082.600    5719568.601  269748.799  
1.618        10613.671    5718184.668  271601.661  
1.622        10164.574    5716780.866  273454.560  
1.627        9734.471     5715358.028  275307.501  
1.632        9322.557     5713916.955  277160.489  
1.636        8928.062     5712458.411  279013.527  
1.641        8550.250     5710983.130  280866.620  
1.645        8188.414     5709491.813  282719.773  
1.650        7841.880     5707985.131  284572.989  
1.654        7509.999     5706463.730  286426.271  
1.659        7192.152     5704928.223  288279.625  
1.663        6887.745     5703379.202  290133.052  
1.668        6596.211     5701817.232  291986.557  
1.672        6317.004     5700242.853  293840.143  
1.677        6049.603     5698656.584  295693.813  
1.682        5793.510     5697058.920  297547.570  
1.686        5548.247     5695450.337  299401.416  
1.691        5313.355     5693831.290  301255.355  
1.695        5088.396     5692202.215  303109.390  
1.700        4872.950     5690563.528  304963.523  
1.704        4666.615     5688915.629  306817.756  
1.709        4469.007     5687258.901  308672.092  
1.714        4279.755     5685593.710  310526.534  
1.718        4098.508     5683920.408  312381.084  
1.723        3924.927     5682239.330  314235.744  
1.727        3758.687     5680550.798  316090.516  
1.732        3599.478     5678855.120  317945.402  
1.736        3447.004     5677152.591  319800.405  
1.741        3300.980     5675443.494  321655.526  
1.746        3161.133     5673728.100  323510.768  
1.750        3027.202     5672006.667  325366.131  
1.755        2898.936     5670279.444  327221.620  
1.759        2776.098     5668546.668  329077.234  
1.764        2658.456     5666808.568  330932.976  
1.768        2545.792     5665065.360  332788.848  
1.773        2437.896     5663317.254  334644.851  
1.778        2334.564     5661564.449  336500.987  
1.782        2235.606     5659807.136  338357.258  
1.787        2140.836     5658045.500  340213.665  
1.791        2050.076     5656279.714  342070.210  
1.796        1963.157     5654509.947  343926.895  
1.801        1879.918     5652736.360  345783.722  
1.805        1800.202     5650959.107  347640.691  
1.810        1723.860     5649178.334  349497.805  
1.814        1650.751     5647394.184  351355.065  
1.819        1580.736     5645606.791  353212.473  
1.824        1513.686     5643816.284  355070.030  
1.828        1449.475     5642022.787  356927.739  
1.833        1387.982     5640226.418  358785.600  
1.837        1329.094     5638427.291  360643.615  
1.842        1272.699     5636625.515  362501.786  
1.847        1218.693     5634821.192  364360.115  
1.851        1166.974     5633014.423  366218.603  
1.856        1117.446     5631205.302  368077.252  
1.861        1070.016     5629393.920  369936.064  
1.865        1024.595     5627580.365  371795.040  
1.870        981.098      5625764.719  373654.183  
1.874        939.445      5623947.062  375513.493  
1.879        899.556      5622127.470  377372.974  
1.884        861.357      5620306.017  379232.626  
1.888        824.777      5618482.770  381092.453  
1.893        789.747      5616657.797  382952.455  
1.898        756.202      5614831.162  384812.636  
1.902        724.079      5613002.925  386672.996  
1.907        693.317      5611173.144  388533.539  
1.911        663.860      5609341.874  390394.266  
1.916        635.651      5607509.169  392255.180  
1.921        608.638      5605675.079  394116.283  
1.925        582.771      5603839.651  395977.578  
1.930        558.000      5602002.933  397839.067  
1.935        534.280      5600164.967  399700.753  
1.939        511.565      5598325.795  401562.639  
1.944        489.814      5596485.458  403424.727  
1.949        468.986      5594643.993  405287.021  
1.953        449.041      5592801.436  407149.523  
1.958        429.943      5590957.821  409012.237  
1.963        411.654      5589113.181  410875.165  
1.967        394.141      5587267.547  412738.312  
1.972        377.372      5585420.948  414601.680  
1.977        361.314      5583573.412  416465.274  
1.981        345.937      5581724.965  418329.097  
1.986        331.214      5579875.633  420193.154  
1.991        317.115      5578025.438  422057.447  
1.995        303.614      5576174.403  423921.983  
2.000        290.687      5574322.549  425786.764  
2.005        278.308      5572469.896  427651.796  
2.009        266.455      5570616.461  429517.084  
2.014        255.105      5568762.262  431382.633  
2.019        244.237      5566907.316  433248.447  
2.024        233.831      5565051.636  435114.533  
2.028        223.866      5563195.238  436980.896  
2.033        214.325      5561338.133  438847.541  
2.038        205.189      5559480.334  440714.477  
2.042        196.441      5557621.851  442581.707  
2.047        188.065      5555762.694  444449.241  
2.052        180.045      5553902.872  446317.084  
2.056        172.365      5552042.392  448185.243  
2.061        165.012      5550181.261  450053.728  
2.066        157.971      5548319.485  451922.544  
2.071        151.229      5546457.069  453791.702  
2.075        144.774      5544594.017  455661.209  
2.080        138.594      5542730.331  457531.075  
2.085        132.676      5540866.015  459401.309  
2.089        127.009      5539001.070  461271.921  
2.094        121.584      5537135.495  463142.922  
2.099        116.389      5535269.290  465014.321  
2.104        111.415      5533402.454  466886.131  
2.108        106.652      5531534.984  468758.363  
2.113        102.093      5529666.877  470631.030  
2.118        97.727       5527798.129  472504.144  
2.123        93.546       5525928.735  474377.719  
2.127        89.544       5524058.688  476251.768  
2.132        85.712       5522187.981  478126.307  
2.137        82.043       5520316.607  480001.350  
2.142        78.530       5518444.556  481876.914  
2.146        75.166       5516571.819  483753.015  
2.151        71.946       5514698.384  485629.671  
2.156        68.862       5512824.239  487506.899  
2.161        65.910       5510949.371  489384.719  
2.166        63.084       5509073.766  491263.150  
2.170        60.378       5507197.409  493142.213  
2.175        57.787       5505320.283  495021.930  
2.180        55.306       5503442.370  496902.324  
2.185        52.931       5501563.651  498783.417  
2.189        50.657       5499684.107  500665.236  
2.194        48.480       5497803.716  502547.804  
2.199        46.396       5495922.454  504431.150  
2.204        44.400       5494040.298  506315.301  
2.209        42.490       5492157.223  508200.287  
2.213        40.661       5490273.200  510086.139  
2.218        38.909       5488388.202  511972.888  
2.223        37.233       5486502.198  513860.569  
2.228        35.628       5484615.157  515749.215  
2.233        34.091       5482727.045  517638.865  
2.238        32.620       5480837.825  519529.555  
2.242        31.211       5478947.463  521421.326  
2.247        29.863       5477055.917  523314.221  
2.252        28.572       5475163.147  525208.281  
2.257        27.336       5473269.110  527103.554  
2.262        26.152       5471373.761  529000.087  
2.267        25.019       5469477.052  530897.929  
2.271        23.935       5467578.932  532797.133  
2.276        22.897       5465679.350  534697.753  
2.281        21.903       5463778.250  536599.847  
2.286        20.951       5461875.576  538503.473  
2.291        20.040       5459971.266  540408.694  
2.296        19.168       5458065.257  542315.575  
2.301        18.333       5456157.483  544224.184  
2.306        17.534       5454247.874  546134.592  
2.311        16.769       5452336.358  548046.874  
2.315        16.036       5450422.858  549961.106  
2.320        15.335       5448507.295  551877.370  
2.325        14.664       5446589.584  553795.752  
2.330        14.021       5444669.640  555716.339  
2.335        13.406       5442747.368  557639.226  
2.340        12.817       5440822.675  559564.508  
2.345        12.253       5438895.459  561492.287  
2.350        11.713       5436965.616  563422.671  
2.355        11.197       5435033.035  565355.768  
2.360        10.702       5433097.601  567291.697  
2.365        10.229       5431159.193  569230.578  
2.370        9.776        5429217.686  571172.538  
2.375        9.342        5427272.948  573117.710  
2.380        8.927        5425324.839  575066.234  
2.385        8.529        5423373.217  577018.254  
2.390        8.149        5421417.928  578973.923  
2.395        7.785        5419458.814  580933.401  
2.400        7.436        5417495.711  582896.853  
2.405        7.102        5415528.443  584864.455  
2.411        6.783        5413556.829  586836.388  
2.416        6.477        5411580.679  588812.844  
2.421        6.185        5409599.793  590794.022  
2.426        5.905        5407613.964  592780.132  
2.431        5.637        5405622.971  594771.393  
2.436        5.380        5403626.586  596768.034  
2.441        5.134        5401624.571  598770.295  
2.447        4.899        5399616.673  600778.428  
2.452        4.674        5397602.630  602792.696  
2.457        4.459        5395582.166  604813.375  
2.462        4.253        5393554.993  606840.754  
2.468        4.056        5391520.808  608875.136  
2.473        3.867        5389479.295  610916.837  
2.478        3.687        5387430.122  612966.191  
2.484        3.514        5385372.940  615023.546  
2.489        3.349        5383307.385  617089.267  
2.494        3.190        5381233.073  619163.737  
2.500        3.039        5379149.604  621247.357  
2.505        2.894        5377056.557  623340.549  
2.511        2.755        5374953.490  625443.754  
2.516        2.623        5372839.941  627557.437  
2.522        2.496        5370715.422  629682.082  
2.527        2.375        5368579.423  631818.202  
2.533        2.259        5366431.409  633966.333  
2.539        2.148        5364270.816  636127.037  
2.544        2.041        5362097.054  638300.905  
2.550        1.940        5359909.501  640488.560  
2.556        1.843        5357707.504  642690.654  
2.562        1.750        5355490.376  644907.874  
2.567        1.661        5353257.396  647140.943  
2.573        1.576        5351007.804  649390.620  
2.579        1.495        5348740.800  651657.705  
2.585        1.417        5346455.542  653943.041  
2.591        1.343        5344151.144  656247.513  
2.597        1.272        5341826.672  658572.056  
2.603        1.204        5339481.139  660917.657  
2.610        1.140        5337113.508  663285.352  
2.616        1.078        5334722.682  665676.240  
2.622        1.019        5332307.504  668091.477  
2.629        0.962        5329866.751  670532.287  
2.635        0.908        5327399.130  672999.961  
2.642        0.857        5324903.276  675495.867  
2.648        0.808        5322377.741  678021.451  
2.655        0.761        5319820.994  680578.245  
2.662        0.717        5317231.410  683167.873  
2.669        0.674        5314607.269  685792.057  
2.676        0.633        5311946.741  688452.626  
2.683        0.595        5309247.885  691151.520  
2.690        0.558        5306508.636  693890.806  
2.697        0.523        5303726.796  696672.681  
2.705        0.489        5300900.022  699499.488  
2.713        0.458        5298025.818  702373.725  
2.720        0.428        5295101.515  705298.058  
2.728        0.399        5292124.262  708275.339  
2.736        0.372        5289091.008  711308.620  
2.744        0.346        5285998.482  714401.173  
2.753        0.321        5282843.171  717556.508  
2.761        0.298        5279621.303  720778.399  
2.770        0.276        5276328.815  724070.909  
2.779        0.255        5272961.326  727438.418  
2.788        0.235        5269514.105  730885.660  
2.797        0.217        5265982.029  734417.755  
2.807        0.199        5262359.546  738040.255  
2.817        0.183        5258640.625  741759.193  
2.827        0.167        5254818.694  745581.139  
2.838        0.152        5250886.586  749513.261  
2.848        0.139        5246836.456  753563.405  
2.860        0.126        5242659.701  757740.173  
2.871        0.114        5238346.856  762053.030  
2.883        0.102        5233887.482  766512.415  
2.895        0.092        5229270.025  771129.883  
2.908        0.082        5224481.658  775918.260  
2.922        0.073        5219508.088  780891.839  
2.935        0.065        5214333.326  786066.609  
2.950        0.057        5208939.420  791460.522  
2.965        0.050        5203306.118  797093.832  
2.981        0.044        5197410.467  802989.490  
2.998        0.038        5191226.325  809173.637  
3.015        0.033        5184723.754  815676.214  
3.034        0.028        5177868.258  822531.714  
3.053        0.023        5170619.844  829780.133  
3.074        0.020        5162931.809  837468.172  
3.096        0.016        5154749.200  845650.784  
3.120        0.013        5146006.810  854393.177  
3.146        0.011        5136626.539  863773.450  
3.173        0.008        5126513.878  873886.113  
3.203        0.006        5115553.145  884846.848  
3.236        0.005        5103600.909  896799.086  
3.272        0.004        5090476.739  909923.258  
3.312        0.003        5075949.903  924450.094  
3.357        0.002        5059719.746  940680.253  
3.408        0.001        5041385.892  959014.107  
3.466        0.001        5020401.512  979998.487  
3.534        0.000        4995997.120  1004402.879 
3.616        0.000        4967050.637  1033349.362 
3.715        0.000        4931853.863  1068546.137 
3.841        0.000        4887666.265  1112733.734 
4.008        0.000        4829803.709  1170596.291 
4.242        0.000        4749687.170  1250712.830 
4.596        0.000        4631263.793  1369136.207 
5.134        0.000        4456548.929  1543851.071 
5.528        0.000        4332716.037  1667683.963 
5.915        0.000        4214590.118  1785809.882 
6.296        0.000        4101641.693  1898758.307 
6.689        0.000        3988157.059  2012242.941 
7.118        0.000        3867598.745  2132801.255 
7.593        0.000        3738618.264  2261781.736 
8.088        0.000        3608679.285  2391720.715 
8.532        0.000        3496061.564  2504338.436 
8.969        0.000        3388725.176  2611674.824 
9.444        0.000        3275607.836  2724792.164 
10.000       0.000        3148120.586  2852279.414 
10.630       0.000        3009649.127  2990750.873 
11.186       0.000        2892320.033  3108079.967 
11.727       0.000        2782748.422  3217651.578 
12.294       0.000        2672281.471  3328118.529 
12.943       0.000        2551276.503  3449123.497 
13.697       0.000        2417564.538  3582835.462 
14.458       0.000        2289641.868  3710758.132 
15.208       0.000        2170097.589  3830302.411 
15.939       0.000        2059691.116  3940708.884 
16.702       0.000        1950550.520  4049849.480 
17.577       0.000        1832297.647  4168102.353 
18.622       0.000        1700530.689  4299869.311 
19.792       0.000        1564166.768  4436233.232 
20.878       0.000        1447404.196  4552995.804 
21.946       0.000        1341158.399  4659241.601 
23.115       0.000        1233708.771  4766691.229 
24.560       0.000        1112745.108  4887654.892 
26.161       0.000        992469.780   5007930.220 
27.827       0.000        881125.872   5119274.128 
29.525       0.000        780500.197   5219899.803 
31.244       0.000        690307.251   5310092.749 
32.982       0.000        609713.973   5390686.027 
34.739       0.000        537800.538   5462599.462 
36.516       0.000        473688.939   5526711.061 
38.315       0.000        416573.746   5583826.254 
40.137       0.000        365725.017   5634674.983 
41.986       0.000        320483.677   5679916.323 
43.864       0.000        280255.187   5720144.813 
45.775       0.000        244503.052   5755896.948 
47.723       0.000        212742.528   5787657.472 
49.714       0.000        184534.425   5815865.575 
51.757       0.000        159478.628   5840921.372 
53.863       0.000        137206.481   5863193.519 
56.049       0.000        117369.832   5883030.168 
58.345       0.000        99619.929    5900780.071 
60.000       0.000        88511.865    5911888.135 
