# n      cyclic   n^3     
10       1.000    0.052   
20       0.000    0.415   
30       1.000    1.400   
40       3.000    3.319   
50       8.000    6.481   
60       11.000   11.200  
70       20.000   17.785  
80       32.000   26.548  
90       41.000   37.800  
100      56.000   51.852  
110      76.000   69.015  
120      103.000  89.600  
130      127.000  113.919 
140      156.000  142.281 
150      190.000  175.000 
160      223.000  212.385 
170      303.000  254.748 
180      355.000  302.400 
190      448.000  355.652 
200      494.000  414.815 
210      529.000  480.200 
220      698.000  552.119 
230      769.000  630.881 
240      861.000  716.800 
250      979.000  810.185 
260      1077.000 911.348 
270      1248.000 1020.600
280      1369.000 1138.252
290      1547.000 1264.615
