# n        1row     n^2     
10       0.000    0.320   
30       0.000    2.880   
50       1.000    8.000   
70       3.000    15.680  
90       15.000   25.920  
110      8.000    38.720  
130      14.000   54.080  
150      43.000   72.000  
170      30.000   92.480  
190      47.000   115.520 
210      35.000   141.120 
230      114.000  169.280 
250      176.000  200.000 
270      149.000  233.280 
290      217.000  269.120 
310      383.000  307.520 
330      151.000  348.480 
350      322.000  392.000 
370      158.000  438.080 
390      1797.000 486.720 
410      613.000  537.920 
430      648.000  591.680 
450      465.000  648.000 
470      524.000  706.880 
490      252.000  768.320 
510      805.000  832.320 
530      3678.000 898.880 
550      1360.000 968.000 
570      575.000  1039.680
590      1188.000 1113.920
610      1339.000 1190.720
630      1531.000 1270.080
650      977.000  1352.000
670      996.000  1436.480
690      1350.000 1523.520
710      1565.000 1613.120
730      1833.000 1705.280
750      2382.000 1800.000
770      5893.000 1897.280
790      2517.000 1997.120


# n      cyclic   n^3     
10       0.000    0.046   
20       0.000    0.370   
30       1.000    1.250   
40       3.000    2.963   
50       6.000    5.787   
60       10.000   10.000  
70       18.000   15.880  
80       24.000   23.704  
90       39.000   33.750  
100      57.000   46.296  
110      72.000   61.620  
120      93.000   80.000  
130      120.000  101.713 
140      140.000  127.037 
150      180.000  156.250 
160      221.000  189.630 
170      261.000  227.454 
180      336.000  270.000 
190      403.000  317.546 
200      410.000  370.370 
210      564.000  428.750 
220      634.000  492.963 
230      631.000  563.287 
240      829.000  640.000 
250      903.000  723.380 
260      1038.000 813.704 
270      1228.000 911.250 
280      1313.000 1016.296
290      1429.000 1129.120


# n      cyclic   n^3     
10       0.000    2.222   
20       3.000    17.778  
30       14.000   60.000  
40       38.000   142.222 
50       96.000   277.778 
60       157.000  480.000 
70       337.000  762.222 
80       561.000  1137.778
90       1021.000 1620.000
100      1002.000 2222.222
110      1892.000 2957.778
120      2610.000 3840.000
130      4235.000 4882.222
140      5681.000 6097.778
